Time_fs,n_hbonds,betti_0,betti_1,betti_2,euler_characteristic,PC1,PC2,LBHB_Fraction,Avg_Wire_Length,Hodge_Gradient_Pct,Hodge_Curl_Pct,Hodge_Harmonic_Pct
0.0,134,1,45,0,-44,0.147428,-1.1580452,0.0,0.0,99.99999850668236,0.0,0.0038159142344194
0.5,134,1,45,0,-44,0.147428,-1.1580452,0.0,0.0,99.99999849890058,0.0,0.0038259691981207
1.0,134,1,45,0,-44,0.147428,-1.1580452,0.0,0.0,99.99999820658984,0.0,0.0041328859505289
1.5,134,1,45,0,-44,0.30582482,-0.36378998,0.0,0.0,99.9999980948935,0.0,0.0042448739022439
2.0,133,1,45,0,-44,0.3383646,-0.4122638,0.001669449081803,0.0,99.9999978914556,0.0,0.0049022461697077
2.5,132,1,45,0,-44,0.3205048,-0.38266492,0.0027378507871321,0.0,99.99999851487368,0.0,0.0049129530555374
3.0,132,1,45,0,-44,0.3205048,-0.38266492,0.0034822983168891,0.0,99.99999840236818,0.0,0.0050714041465808
3.5,132,1,45,0,-44,0.3205048,-0.38266492,0.003030303030303,0.0,99.9999981263585,0.0,0.0042392253184824
4.0,133,1,46,0,-45,0.3282038,-0.4663455,0.002680965147453,0.0,99.99999808002164,0.0,0.0038013625448587
4.5,133,1,46,0,-45,0.3282038,-0.4663455,0.0024057738572574,0.0,99.99999809324244,0.0,0.0039063804674748
5.0,130,1,44,0,-43,0.317233,-0.3824613,0.0021794406102433,0.0,99.99999758421605,0.0,0.004424204126535
5.5,131,1,43,0,-42,0.5038808,-0.47408527,0.0019926934573231,0.0,99.99999754205491,0.0,0.004317524709477
6.0,131,1,43,0,-42,0.5038808,-0.47408527,0.0024494794856093,0.0,99.99999830974808,0.0,0.0036731595032699
6.5,128,1,41,0,-40,-0.37803498,-0.34265423,0.0034090909090909,0.0,99.99999831084732,0.0,0.0036722588388981
7.0,129,1,41,0,-40,-0.7315358,0.4611199,0.0042417815482502,0.0,99.99999846274628,0.0,0.0049864228518695
7.5,129,1,41,0,-40,-0.7315358,0.4611199,0.004964010920824,0.0,99.99999817371103,0.0,0.00519274140092
8.0,129,1,42,0,-41,0.9662281,-0.45143843,0.0055996266915538,0.0,99.99999769895906,0.0,0.0046921810354974
8.5,128,1,42,0,-41,0.26744062,-0.64573866,0.0061674008810572,0.0,99.99999771418564,0.0,0.0038971284439418
9.0,128,1,42,0,-41,0.26744062,-0.64573866,0.0070921985815602,0.0,99.99999783447964,0.0,0.004006697192838
9.5,130,1,43,0,-42,0.680986,-0.59304184,0.0075202849792202,0.0,99.99999852001493,0.0,0.005118958430717
10.0,129,1,43,0,-42,0.034136742,-0.1431204,0.0075258701787394,0.0,99.99999802488588,0.0,0.0049234581321511
10.5,129,1,43,0,-42,0.034136742,-0.1431204,0.0075336322869955,0.0,99.9999984221178,0.0,0.0035059868844437
11.0,129,1,43,0,-42,0.648237,-0.57887334,0.0075471698113207,0.0,99.99999681938031,0.0,0.0068202864643629
11.5,128,1,42,0,-41,-0.15441638,0.25678906,0.0074000986679822,0.0,99.99999836260392,0.0,0.0032833400404256
12.0,127,1,41,0,-40,0.9665977,-0.3309325,0.0071067593177511,0.0,99.99999794523814,0.0,0.0050122387159551
12.5,127,1,41,0,-40,0.9665977,-0.3309325,0.0068389057750759,0.0,99.99999810066883,0.0,0.0046955968833619
13.0,127,1,41,0,-40,0.9665977,-0.3309325,0.0067389393495458,0.0,99.99999675778736,0.0,0.0051366948199398
13.5,126,1,41,0,-40,0.04045102,0.033651933,0.0067902107794596,0.0,99.9999974772589,0.0,0.0038333032675115
14.0,126,1,41,0,-40,0.04045102,0.033651933,0.00683340166735,0.0,99.99999760951954,0.0,0.0052075539043213
14.5,128,1,42,0,-41,0.5425732,-0.21681033,0.0070078011371149,0.0,99.99999752600375,0.0,0.0044657568168728
15.0,129,1,41,0,-40,1.1239586,0.04360071,0.0072992700729927,0.0,99.99999696510726,0.0,0.0053582845086929
15.5,129,1,41,0,-40,0.18736118,-0.9809236,0.0077009067196621,0.0,99.99999822460752,0.0,0.0033193984766326
16.0,128,1,40,0,-39,0.9142113,-0.64662385,0.0078360458107293,0.0,99.99999751960657,0.0,0.0060763508848357
16.5,127,1,39,0,-38,0.6710806,-0.7135849,0.0078454332552693,0.0,99.9999975744315,0.0,0.00597865989653
17.0,127,1,39,0,-38,0.6710806,-0.7135849,0.0078560856199476,0.0,99.9999983800122,0.0,0.0041871809561465
17.5,127,1,39,0,-38,-0.6187397,-0.5716962,0.0078652930098593,0.0,99.99999774772206,0.0,0.0056636804697631
18.0,127,1,39,0,-38,-0.17724577,-0.5434515,0.007875714748085,0.0,99.99999730022252,0.0,0.0055956990922973
18.5,129,1,40,0,-39,-0.8576782,-0.0075154454,0.0078880942364324,0.0,99.99999729985038,0.0,0.0054580356805828
19.0,130,1,41,0,-40,0.026825279,-0.8336231,0.0081033952200225,0.0,99.99999736849314,0.0,0.0055351782906742
19.5,131,1,42,0,-41,-0.4765803,0.737058,0.0083074767290561,0.0,99.99999742361754,0.0,0.0050594398644491
20.0,131,1,42,0,-41,0.51229453,-0.30389756,0.008503567588701,0.0,99.99999740914708,0.0,0.0053000178193431
20.5,130,1,41,0,-40,0.08013393,0.3466745,0.0086881802558716,0.0,99.99999744701849,0.0,0.0051138166265001
21.0,130,1,40,0,-39,-0.0015202165,-1.1078461,0.0088660755949603,0.0,99.99999653342957,0.0,0.0077541990367593
21.5,128,1,39,0,-38,-0.04329577,-1.2616771,0.0090377944129998,0.0,99.99999746736796,0.0,0.0051977708361768
22.0,127,1,38,0,-37,0.46270448,-1.1003423,0.0092005359535506,0.0,99.9999972490512,0.0,0.0058330385667389
22.5,127,1,37,0,-36,-0.019042999,-0.62487257,0.0093572365544381,0.0,99.99999759592684,0.0,0.0052655003510361
23.0,124,1,37,0,-36,0.025395334,-1.234589,0.0095083090628747,0.0,99.99999762690686,0.0,0.0050971975494295
23.5,126,1,37,0,-36,0.2837788,0.8795237,0.0094862323707186,0.0,99.99999892247271,0.0,0.0029265065911685
24.0,125,1,36,0,-35,0.21909833,-1.140994,0.0094619055454994,0.0,99.99999711634342,0.0,0.0047510824878821
24.5,124,1,36,0,-35,0.8779845,-0.6599835,0.0094354838709677,0.0,99.99999781555732,0.0,0.0042552162554483
25.0,124,1,36,0,-35,0.8779845,-0.6599835,0.0095652173913043,0.0,99.99999765153244,0.0,0.0048736280529048
25.5,124,1,36,0,-35,0.8779845,-0.6599835,0.0096921764751492,0.0,99.999997084222,0.0,0.005650133105472
26.0,122,1,36,0,-35,-0.58799314,-0.040439412,0.0098143639683505,0.0,99.99999519199788,0.0,0.004911527184997
26.5,122,1,36,0,-35,-0.58799314,-0.040439412,0.0099350115783969,0.0,99.9999967765562,0.0,0.0041050110978739
27.0,121,1,35,0,-34,0.39537922,-0.36753577,0.0101262107425887,0.0,99.99999636115967,0.0,0.0069158857436551
27.5,123,1,35,0,-34,0.29907942,0.22998874,0.0102394000576867,0.0,99.99999636410968,0.0,0.0069140939686321
28.0,125,1,35,0,-34,0.5547581,0.08788769,0.010280042538107,0.0,99.99999743622514,0.0,0.0044838566876652
28.5,123,1,34,0,-33,-0.5570673,0.16646352,0.0103912406722923,0.0,99.99999842692986,0.0,0.0039122704746721
29.0,123,1,34,0,-33,-0.5570673,0.16646352,0.0104974271012006,0.0,99.99999829300307,0.0,0.0044513519207405
29.5,123,1,34,0,-33,-0.61352324,0.2184739,0.0104651947876578,0.0,99.99999738712228,0.0,0.0058989927763123
30.0,123,1,34,0,-33,-0.61352324,0.2184739,0.0104332801701222,0.0,99.99999759818976,0.0,0.0053976238551744
30.5,121,1,34,0,-33,0.103006735,-0.60608035,0.0103996337235921,0.0,99.99999722561796,0.0,0.0041965702905519
31.0,121,1,33,0,-32,0.97729015,-0.8262072,0.0103656966263198,0.0,99.99999771529772,0.0,0.0053095603775895
31.5,122,1,33,0,-32,0.8616471,-1.0739044,0.0103334601242551,0.0,99.99999710765418,0.0,0.0045722874379733
32.0,122,1,35,0,-34,-0.06270954,-0.08698298,0.0102996254681647,0.0,99.99999671151058,0.0,0.004880977737896
32.5,123,1,36,0,-35,0.47229347,-1.1882628,0.0102668142136972,0.0,99.9999985572246,0.0,0.0032681231895528
33.0,122,1,35,0,-34,0.5448801,-1.0402411,0.0102356005087517,0.0,99.99999675945642,0.0,0.0051234110393965
33.5,122,1,35,0,-34,0.16872238,-0.5772763,0.0102059086839749,0.0,99.9999974962186,0.0,0.0053821633903137
34.0,121,1,35,0,-34,-0.4906715,0.21792252,0.0101782667529564,0.0,99.99999699934662,0.0,0.0059814686000956
34.5,121,1,35,0,-34,-0.4906715,0.21792252,0.0101514008933232,0.0,99.99999763947334,0.0,0.0050938809062847
35.0,123,1,36,0,-35,-0.14904162,-0.58572537,0.0101287553648068,0.0,99.99999741910209,0.0,0.0043235603686949
35.5,121,1,34,0,-33,-0.51093876,0.15349674,0.0101061427280939,0.0,99.99999688537336,0.0,0.005013196876759
36.0,121,1,34,0,-33,0.17194483,-0.1951449,0.0100824420677361,0.0,99.99999611033148,0.0,0.0054662470679643
36.5,119,1,33,0,-32,-0.05555314,-0.89652234,0.0100554975548107,0.0,99.99999767267124,0.0,0.0069675371354964
37.0,120,1,33,0,-32,-0.57312393,0.17286971,0.0099745216024285,0.0,99.9999977467801,0.0,0.0068560980106126
37.5,121,1,33,0,-32,-0.4893848,-0.060956195,0.009841677364142,0.0,99.99999730777014,0.0,0.0056700515881519
38.0,120,1,34,0,-33,-0.25494704,0.093060315,0.009710274948546,0.0,99.99999816967176,0.0,0.0035305796559874
38.5,120,1,34,0,-33,-0.25494704,0.093060315,0.0095828342273839,0.0,99.9999976628294,0.0,0.0054589138479926
39.0,122,1,34,0,-33,-0.3843753,0.1355713,0.0094630734416786,0.0,99.99999702317872,0.0,0.0056473555528213
39.5,120,1,34,0,-33,0.446528,-0.76914805,0.0093476935582198,0.0,99.9999961658184,0.0,0.0062988997533498
40.0,120,1,33,0,-32,-0.26719,0.51929027,0.0092369477911646,0.0,99.9999978940332,0.0,0.0040394018004891
40.5,122,1,34,0,-33,0.34724677,-0.6530232,0.0091784084143679,0.0,99.99999789458369,0.0,0.0040383635321366
41.0,121,1,34,0,-33,0.51777595,-0.74212545,0.0091702628481757,0.0,99.9999978954073,0.0,0.0040368299237359
41.5,120,1,33,0,-32,0.08574137,-0.0152324885,0.0091627478547534,0.0,99.99999610023252,0.0,0.0063250215004275
42.0,121,1,33,0,-32,0.5445895,-0.5745334,0.0091549633322149,0.0,99.9999970275787,0.0,0.0050550193415679
42.5,120,1,33,0,-32,-0.12916651,-0.04396607,0.0091456191062882,0.0,99.99999702289502,0.0,0.0050638618031463
43.0,119,1,33,0,-32,0.88439643,-0.60832316,0.0091364850302206,0.0,99.99999567633284,0.0,0.0055890092447857
43.5,120,1,34,0,-33,0.84340096,-0.15994643,0.0091275540934995,0.0,99.9999975365192,0.0,0.0066057834691674
44.0,121,1,35,0,-34,-0.12158835,0.061328188,0.0091171484858203,0.0,99.9999981438666,0.0,0.005821054568199
44.5,120,1,35,0,-34,0.17210177,0.17515086,0.009106972950931,0.0,99.99999860987882,0.0,0.0031619348913566
45.0,120,1,35,0,-34,0.17210177,0.17515086,0.0090986508896956,0.0,99.99999778815123,0.0,0.0047959804621995
45.5,120,1,35,0,-34,0.17210177,0.17515086,0.0090905059642587,0.0,99.99999752727832,0.0,0.0040385806111967
46.0,119,1,35,0,-34,0.62320614,-0.4631843,0.0090825325786494,0.0,99.99999739893696,0.0,0.004276597255028
46.5,119,1,35,0,-34,0.028337598,-0.19124441,0.0089890568004168,0.0,99.99999746621108,0.0,0.0045101236525689
47.0,119,1,35,0,-34,0.028337598,-0.19124441,0.008983451536643,0.0,99.99999708054324,0.0,0.0057250153680484
47.5,120,1,35,0,-34,-0.20441484,-0.66013676,0.0089756678577505,0.0,99.99999734664748,0.0,0.004900460320074
48.0,122,1,36,0,-35,-0.56667876,0.64567864,0.008965401128041,0.0,99.99999581707088,0.0,0.0065486275558184
48.5,123,1,37,0,-36,-0.43888906,0.7470308,0.0089538564051307,0.0,99.99999666960213,0.0,0.0058853129381267
49.0,123,1,37,0,-36,-0.43888906,0.7470308,0.0089418163837151,0.0,99.999997749116,0.0,0.0051293544458708
49.5,125,1,37,0,-36,-0.6467179,-0.1431305,0.0089314845024469,0.0,99.9999976755858,0.0,0.0042114324609405
50.0,125,1,37,0,-36,-0.65636337,-0.5757424,0.0088824289405684,0.0,99.99999717511888,0.0,0.0047084956849271
50.5,124,1,36,0,-35,-0.61681783,-0.55651706,0.0087950747581354,0.0,99.99999752238972,0.0,0.0048533302534673
51.0,123,1,36,0,-35,-0.54436946,-0.08590244,0.0087083877607568,0.0,99.99999817057176,0.0,0.0041235167543203
51.5,124,1,36,0,-35,-0.008610338,0.5966094,0.0086250833104637,0.0,99.99999606841546,0.0,0.0068919440884158
52.0,123,1,34,0,-33,0.15799257,0.189427,0.008543357539513,0.0,99.99999604843325,0.0,0.0069009804897015
52.5,122,1,33,0,-32,0.23623465,0.2219387,0.0084634915749788,0.0,99.99999674798867,0.0,0.0053162793931512
53.0,121,1,33,0,-32,0.83681715,-0.57738984,0.0083847854257184,0.0,99.99999674394276,0.0,0.0053158843381988
53.5,121,1,33,0,-32,1.3029618,0.50671667,0.0083075296427762,0.0,99.9999967411783,0.0,0.0053132649989887
54.0,120,1,33,0,-32,-0.8069681,-0.14580278,0.0082319925163704,0.0,99.9999956037694,0.0,0.0058101682642628
54.5,120,1,33,0,-32,-0.8069681,-0.14580278,0.0081581191827047,0.0,99.999996594194,0.0,0.0045231440042783
55.0,120,1,33,0,-32,-0.8069681,-0.14580278,0.0080858571008526,0.0,99.99999460033516,0.0,0.0062247396211864
55.5,119,1,33,0,-32,-0.37185946,-0.32888514,0.0080142799898,0.0,99.99999638061342,0.0,0.0051209325595249
56.0,118,1,33,0,-32,0.46487057,-0.43506253,0.0079436721429861,0.0,99.99999618303144,0.0,0.0059712709255675
56.5,117,1,33,0,-32,-0.038648874,-0.65330595,0.0078740157480314,0.0,99.9999979813278,0.0,0.0034508416984651
57.0,117,1,33,0,-32,-0.038648874,-0.65330595,0.0078047396055058,0.0,99.9999972816786,0.0,0.0053425215480633
57.5,118,1,34,0,-33,0.70990354,-1.0437213,0.0077369439071566,0.0,99.99999746113504,0.0,0.0054016198907615
58.0,118,1,34,0,-33,0.70990354,-1.0437213,0.0076703158775538,0.0,99.99999780488626,0.0,0.005724743070842
58.5,118,1,34,0,-33,-0.13913354,0.7115524,0.0076045627376425,0.0,99.99999833211504,0.0,0.0038398442158949
59.0,118,1,34,0,-33,-0.13913354,0.7115524,0.0075404442007129,0.0,99.99999707838468,0.0,0.0056482060944682
59.5,118,1,34,0,-33,-0.13913354,0.7115524,0.0074779061862678,0.0,99.9999970877986,0.0,0.0056382895365911
60.0,119,1,34,0,-33,0.4034931,0.5811159,0.0074835664924995,0.0,99.99999782338304,0.0,0.0046458753440863
60.5,119,1,34,0,-33,0.4034931,0.5811159,0.0074888836882752,0.0,99.99999819648473,0.0,0.0033886513216099
61.0,122,1,34,0,-33,1.2372642,0.6261249,0.0074612017508953,0.0,99.9999980772789,0.0,0.0034826540044581
61.5,121,1,34,0,-33,1.0684015,-0.13163333,0.00746661403855,0.0,99.99999794386969,0.0,0.0041049606576289
62.0,122,1,35,0,-34,1.0524901,-0.4078496,0.0074714518760195,0.0,99.99999586248788,0.0,0.0059602148009903
62.5,119,1,33,0,-32,-0.5944694,0.14439309,0.007475486230219,0.0,99.99999649826688,0.0,0.0058037311004853
63.0,123,1,36,0,-35,0.1599203,-0.31098306,0.007479215484865,0.0,99.99999649884678,0.0,0.0058026806235144
63.5,123,1,36,0,-35,0.1599203,-0.31098306,0.007484076433121,0.0,99.99999732048056,0.0,0.004732039899073
64.0,123,1,36,0,-35,0.1599203,-0.31098306,0.0074881516587677,0.0,99.99999541525496,0.0,0.0067477015208256
64.5,123,1,36,0,-35,0.1599203,-0.31098306,0.0074926327669446,0.0,99.99999549512307,0.0,0.0065813855161446
65.0,123,1,36,0,-35,0.1599203,-0.31098306,0.0074961119751166,0.0,99.9999961412845,0.0,0.0062385387041285
65.5,123,1,36,0,-35,0.1599203,-0.31098306,0.0075004629915426,0.0,99.99999654033957,0.0,0.0074734781366564
66.0,122,1,36,0,-35,0.38618916,-0.47493136,0.0075040583172532,0.0,99.99999560409972,0.0,0.0062788192576858
66.5,123,1,36,0,-35,0.056778237,-1.1727244,0.007507142422953,0.0,99.99999724968524,0.0,0.0052231674681665
67.0,121,1,35,0,-34,-0.45471528,-0.451769,0.0075398859969237,0.0,99.99999790898944,0.0,0.004515610632094
67.5,121,1,35,0,-34,-0.45471528,-0.451769,0.0076011491501077,0.0,99.99999674903938,0.0,0.0046683214540424
68.0,121,1,35,0,-34,-0.45471528,-0.451769,0.0077217783849603,0.0,99.99999688414523,0.0,0.0061248128768348
68.5,122,1,36,0,-35,0.2918731,0.18220621,0.0078408253500368,0.0,99.99999634630149,0.0,0.0054772021970281
69.0,120,1,35,0,-34,-0.47444132,-0.20800479,0.0079588014981273,0.0,99.99999631655984,0.0,0.0049293904748423
69.5,118,1,33,0,-32,-0.34593645,-0.27408773,0.0080462441178179,0.0,99.99999637193449,0.0,0.0046011873829791
70.0,118,1,33,0,-32,-0.34593645,-0.27408773,0.0081026528258362,0.0,99.99999658270649,0.0,0.0050934634542414
70.5,118,1,33,0,-32,-0.38863388,-0.1610104,0.0081286850993187,0.0,99.99999813271968,0.0,0.0032350736899238
71.0,119,1,34,0,-33,-0.4334558,-0.15535413,0.0081263851792919,0.0,99.99999667896076,0.0,0.0061847724779002
71.5,120,1,34,0,-33,0.12797362,-0.32293975,0.0081238893120081,0.0,99.99999629079063,0.0,0.0062728097425242
72.0,120,1,34,0,-33,0.17534065,0.308706,0.008120974516942,0.0,99.99999623691735,0.0,0.0061171135627425
72.5,123,1,35,0,-34,0.9347981,-0.6159274,0.008117650329432,0.0,99.9999970090692,0.0,0.0046593558617523
73.0,124,1,36,0,-35,0.22098082,-1.2212254,0.008113926146713,0.0,99.999997046543,0.0,0.0053394770129591
73.5,124,1,36,0,-35,0.22098082,-1.2212254,0.0081385471186254,0.0,99.99999838548324,0.0,0.0031108010839754
74.0,124,1,36,0,-35,0.22098082,-1.2212254,0.00819025332644,0.0,99.99999812692276,0.0,0.0036705316659779
74.5,124,1,36,0,-35,0.88261044,-0.8707425,0.0082412386176335,0.0,99.99999717990303,0.0,0.0057135797794846
75.0,125,1,37,0,-36,0.005883515,-0.32985407,0.0082915179649555,0.0,99.99999737328268,0.0,0.0053203334092698
75.5,126,1,38,0,-37,0.0627906,-0.36016172,0.0083411059293804,0.0,99.9999973660838,0.0,0.0053109176591214
76.0,127,1,39,0,-38,0.011563256,-0.5953309,0.0083388484447385,0.0,99.9999974239508,0.0,0.0044865563436012
76.5,126,1,38,0,-37,-0.5100727,0.4329371,0.0083370591484101,0.0,99.99999767137108,0.0,0.0043939261689889
77.0,126,1,38,0,-37,-0.5100727,0.4329371,0.0082828177257525,0.0,99.9999981936805,0.0,0.00374730034697
77.5,122,1,35,0,-34,-0.5680305,0.32741737,0.0082275688442471,0.0,99.99999750022184,0.0,0.0047133121981138
78.0,121,1,34,0,-33,0.17347193,0.4155261,0.0081713667061916,0.0,99.9999982107026,0.0,0.0040811140727774
78.5,120,1,34,0,-33,0.84984326,-0.31532115,0.0081163427810635,0.0,99.99999703873152,0.0,0.0069896781565372
79.0,120,1,34,0,-33,0.84984326,-0.31532115,0.0080622599760929,0.0,99.9999978738312,0.0,0.0040207574609319
79.5,118,1,33,0,-32,0.037374362,-0.4203673,0.008007274748036,0.0,99.99999790460956,0.0,0.0040972323559669
80.0,118,1,33,0,-32,0.037374362,-0.4203673,0.0079532339806312,0.0,99.99999630824576,0.0,0.0056749675125083
80.5,118,1,33,0,-32,0.037374362,-0.4203673,0.0079010991749956,0.0,99.99999738129816,0.0,0.0036216847595851
81.0,118,1,33,0,-32,0.037374362,-0.4203673,0.0078506154189058,0.0,99.99999778278288,0.0,0.0040739395320544
81.5,118,1,33,0,-32,0.037374362,-0.4203673,0.0078007726948347,0.0,99.99999777228092,0.0,0.0040824165040601
82.0,118,1,33,0,-32,0.037374362,-0.4203673,0.0077526963241947,0.0,99.99999689866137,0.0,0.0055474981383414
82.5,118,1,33,0,-32,-0.17881921,-0.22006504,0.0077534453005371,0.0,99.99999591991462,0.0,0.0072862027051748
83.0,117,1,33,0,-32,0.128497,0.33144617,0.0077517507848345,0.0,99.9999978104165,0.0,0.0044059253880588
83.5,116,1,32,0,-31,0.0038683414,-0.5471833,0.007749892029368,0.0,99.99999715644236,0.0,0.0044714165188323
84.0,120,1,34,0,-33,-0.07792118,0.05985184,0.007748426473393,0.0,99.99999777052042,0.0,0.0043237710306359
84.5,120,1,34,0,-33,-0.07792118,0.05985184,0.00777011821003,0.0,99.99999866503492,0.0,0.0034485733717493
85.0,120,1,34,0,-33,-0.07792118,0.05985184,0.0078606730995528,0.0,99.9999982785655,0.0,0.0038234021185941
85.5,120,1,34,0,-33,0.69107103,0.53481877,0.0079498690609801,0.0,99.99999826899754,0.0,0.0038308123704806
86.0,120,1,34,0,-33,0.69107103,0.53481877,0.0080401542966026,0.0,99.99999785881774,0.0,0.0041737912478129
86.5,120,1,35,0,-34,0.51307297,0.37711143,0.0081295180027252,0.0,99.99999789686376,0.0,0.0042784431442936
87.0,120,1,35,0,-34,0.51307297,0.37711143,0.0082177945092278,0.0,99.99999698846804,0.0,0.004767957631987
87.5,122,1,36,0,-35,0.26053807,0.19241437,0.0083050035364712,0.0,99.99999705020338,0.0,0.00490655789674
88.0,122,1,36,0,-35,0.26053807,0.19241437,0.0083898324301036,0.0,99.9999975440006,0.0,0.0048620866101367
88.5,123,1,37,0,-36,0.031560868,0.69203156,0.0084726666366217,0.0,99.99999804799327,0.0,0.0044912931623962
89.0,121,1,36,0,-35,0.22813715,-0.33645076,0.0085548563366403,0.0,99.99999698995228,0.0,0.0051151020115278
89.5,120,1,36,0,-35,-0.39249685,-0.49636418,0.0086364243422517,0.0,99.99999681562257,0.0,0.0047758292572329
90.0,120,1,36,0,-35,-0.39249685,-0.49636418,0.0086725663716814,0.0,99.99999832298352,0.0,0.0033550504502767
90.5,120,1,36,0,-35,-0.39249685,-0.49636418,0.0086646727656579,0.0,99.99999659704864,0.0,0.0057027147286312
91.0,120,1,35,0,-34,0.0498199,0.17051257,0.008614469685375,0.0,99.99999678544684,0.0,0.0047040876766057
91.5,121,1,35,0,-34,-0.75568676,0.5684175,0.0085654035957303,0.0,99.99999834763838,0.0,0.0037047868397138
92.0,119,1,34,0,-33,-0.2937751,0.21503851,0.008516525084841,0.0,99.99999832890978,0.0,0.0037243674478899
92.5,118,1,33,0,-32,-0.2496964,0.41706735,0.0084682012594837,0.0,99.99999708500962,0.0,0.0047363557309902
93.0,119,1,34,0,-33,-0.15862063,0.12981498,0.0084399905984914,0.0,99.9999963700495,0.0,0.0050265809832333
93.5,118,1,33,0,-32,0.007774815,0.029079944,0.0084315599447807,0.0,99.99999782621856,0.0,0.004158442493845
94.0,119,1,34,0,-33,0.2910311,0.47146577,0.0084232303827397,0.0,99.99999826248477,0.0,0.0036701590667834
94.5,121,1,35,0,-34,-0.025820583,0.31666765,0.0084155299055613,0.0,99.99999575799728,0.0,0.005233699670003
95.0,122,1,36,0,-35,-0.15207878,0.21313044,0.0084082705668801,0.0,99.99999771282756,0.0,0.0038629242646253
95.5,124,1,37,0,-36,-0.3016692,-0.14229332,0.0084007467330429,0.0,99.99999771572696,0.0,0.003749782260538
96.0,126,1,38,0,-37,0.15568109,0.6435833,0.0083943487676601,0.0,99.9999960638425,0.0,0.0046499517097699
96.5,127,1,39,0,-38,0.29201147,-0.07545377,0.0083885390815677,0.0,99.99999575999242,0.0,0.0059667034519389
97.0,127,1,39,0,-38,0.29201147,-0.07545377,0.0083841618898023,0.0,99.9999975930056,0.0,0.0070314765804123
97.5,127,2,40,0,-38,-0.48619536,-0.28092426,0.008339251293497,0.0,99.99999751616409,0.0,0.0071563385954392
98.0,129,2,41,0,-39,-0.68794703,0.19232549,0.0082941496983028,0.0,99.99999677863607,0.0,0.0072866710000502
98.5,127,2,40,0,-38,-0.9083903,0.030621871,0.0082475468063331,0.0,99.99999760542944,0.0,0.0039174496520692
99.0,125,2,38,0,-36,0.16452877,0.27823162,0.0082008101043558,0.0,99.9999978244657,0.0,0.0059839862897518
99.5,124,2,37,0,-35,-0.07686773,0.57846886,0.0081542765311588,0.0,99.9999972172813,0.0,0.006996586376071
100.0,124,2,37,0,-35,-0.07686773,0.57846886,0.0081081081081081,0.0,99.99999671043,0.0,0.0071683187035478
100.5,123,2,36,0,-34,-0.2960494,0.02506487,0.0080623013849111,0.0,99.99999664290976,0.0,0.0071403707630813
101.0,123,2,36,0,-34,-0.2960494,0.02506487,0.0080166965748615,0.0,99.99999749026166,0.0,0.0040140495596264
101.5,124,2,37,0,-35,0.078763485,-0.1850041,0.0079731512376813,0.0,99.99999718990532,0.0,0.0038688999868187
102.0,125,2,38,0,-36,0.1591481,0.23959708,0.0079300764065755,0.0,99.99999708373927,0.0,0.003950085663078
102.5,122,1,35,0,-34,-0.19211096,0.612512,0.0078865563955942,0.0,99.99999793975569,0.0,0.0036809321458472
103.0,122,1,35,0,-34,-0.19211096,0.612512,0.0078435114503816,0.0,99.99999861966356,0.0,0.0032834516025414
103.5,122,1,35,0,-34,-0.19211096,0.612512,0.0078012299749449,0.0,99.99999753963588,0.0,0.004384924701529
104.0,122,1,35,0,-34,-0.19211096,0.612512,0.0077601344334724,0.0,99.99999838564604,0.0,0.004101553435849
104.5,121,1,34,0,-33,0.53877395,0.60495085,0.0077196145827463,0.0,99.9999983812732,0.0,0.0041072374806177
105.0,122,1,35,0,-34,0.52796704,0.59759223,0.0076792287139627,0.0,99.99999838471638,0.0,0.0040857846706508
105.5,122,1,35,0,-34,0.52796704,0.59759223,0.0076391212222593,0.0,99.99999754994737,0.0,0.0045029260869075
106.0,122,1,35,0,-34,0.52796704,0.59759223,0.0075981660874066,0.0,99.99999637546352,0.0,0.0061596964767561
106.5,122,1,35,0,-34,0.52796704,0.59759223,0.0075583426816484,0.0,99.9999978525209,0.0,0.0039985632192513
107.0,122,1,35,0,-34,0.52796704,0.59759223,0.0075186594468022,0.0,99.99999664466064,0.0,0.0059324673087953
107.5,121,1,34,0,-33,0.6344465,0.26366025,0.007478574157978,0.0,99.99999731135004,0.0,0.0048033633035748
108.0,122,1,36,0,-35,-0.24254978,-0.44404942,0.0074386447549409,0.0,99.999998241076,0.0,0.0039771256920374
108.5,121,1,35,0,-34,-0.90793943,0.32140094,0.0074000720201656,0.0,99.99999701851804,0.0,0.0051669230527618
109.0,121,1,35,0,-34,-0.90793943,0.32140094,0.0073621610002507,0.0,99.99999791265203,0.0,0.0046241767707147
109.5,121,1,35,0,-34,-0.90793943,0.32140094,0.007325028070363,0.0,99.99999659905858,0.0,0.0055766006123264
110.0,120,1,34,0,-33,0.6940223,0.84800637,0.0073062599751729,0.0,99.99999808502766,0.0,0.004846048452057
110.5,122,1,36,0,-35,-0.36838952,-0.12780674,0.0073046792293034,0.0,99.99999831543484,0.0,0.0044239734589731
111.0,121,2,37,0,-35,0.04652421,1.027852,0.0073040119392502,0.0,99.999996105722,0.0,0.0039483790272421
111.5,122,1,37,0,-36,0.005819872,-0.31446046,0.0073033511549079,0.0,99.99999836401652,0.0,0.0032557883296073
112.0,122,1,37,0,-36,0.005819872,-0.31446046,0.0073015541879628,0.0,99.99999873637344,0.0,0.0035280356325705
112.5,122,1,37,0,-36,0.005819872,-0.31446046,0.0072990175729901,0.0,99.99999875938308,0.0,0.0035005003851553
113.0,123,2,39,0,-37,0.3008465,-0.27206534,0.0072801748618832,0.0,99.9999978776899,0.0,0.004485729540158
113.5,124,2,40,0,-38,0.49382097,0.7904907,0.0072443911628703,0.0,99.99999771559024,0.0,0.0044276090538368
114.0,124,2,40,0,-38,0.49382097,0.7904907,0.0072087118049046,0.0,99.9999972853704,0.0,0.0049458194908287
114.5,123,2,39,0,-37,0.8428775,0.43838465,0.0071721658923666,0.0,99.99999765814916,0.0,0.0062856313706327
115.0,124,2,39,0,-37,-0.21932584,0.7933282,0.0071357479039794,0.0,99.9999985560873,0.0,0.0029802126620853
115.5,124,2,39,0,-37,-0.21932584,0.7933282,0.007100055390503,0.0,99.99999737255092,0.0,0.0038968845205049
116.0,123,2,38,0,-36,-0.49501732,-0.69344467,0.0070648361559274,0.0,99.99999728691284,0.0,0.0039936533796482
116.5,124,2,38,0,-36,-0.53119445,0.3778167,0.0070305488149453,0.0,99.9999979913516,0.0,0.0059599828682302
117.0,124,2,38,0,-36,-0.53119445,0.3778167,0.0070290921720721,0.0,99.99999831989406,0.0,0.0045722756551878
117.5,124,2,38,0,-36,-0.53119445,0.3778167,0.007060449959678,0.0,99.99999835625076,0.0,0.0041314018872818
118.0,122,2,37,0,-35,-0.010077581,-0.55801713,0.0070917339535188,0.0,99.99999876996878,0.0,0.0034711944381957
118.5,122,2,37,0,-35,-0.010077581,-0.55801713,0.007122367820588,0.0,99.99999899054902,0.0,0.0026031231602643
119.0,122,2,37,0,-35,-0.010077581,-0.55801713,0.0071523565474066,0.0,99.99999903483382,0.0,0.002511743307962
119.5,122,2,37,0,-35,-0.5944494,-0.28645366,0.0071820529373789,0.0,99.99999790520296,0.0,0.0035001349948774
120.0,123,1,37,0,-36,-0.77929604,0.14479911,0.0072272902479763,0.0,99.99999793580812,0.0,0.0057423493668258
120.5,123,1,37,0,-36,-1.1535096,0.65039605,0.0072565692730643,0.0,99.99999728761696,0.0,0.0056193476660911
121.0,123,1,37,0,-36,0.121297404,0.65437055,0.0072854529547442,0.0,99.99999742138324,0.0,0.0056782619090288
121.5,123,1,37,0,-36,0.121297404,0.65437055,0.0073146403635154,0.0,99.99999814616972,0.0,0.0050289398315377
122.0,122,1,36,0,-35,-0.79597044,0.40328574,0.0073428611947118,0.0,99.99999741957316,0.0,0.0056814595859099
122.5,123,1,36,0,-35,-1.1749585,0.68646294,0.0073703523655694,0.0,99.99999779594488,0.0,0.0054053576798917
123.0,123,1,36,0,-35,-0.7405412,-0.021667466,0.0073974655097072,0.0,99.9999976138142,0.0,0.0056558085730439
123.5,123,1,36,0,-35,-0.7405412,-0.021667466,0.0074242047713717,0.0,99.99999777873973,0.0,0.0050219651986699
124.0,125,1,36,0,-35,-1.013061,0.41702223,0.0074509197712165,0.0,99.99999776865565,0.0,0.0050314898325597
124.5,125,1,36,0,-35,-1.013061,0.41702223,0.0074773832235829,0.0,99.9999977583202,0.0,0.0050413106038768
125.0,126,1,37,0,-36,-0.97400284,0.11004749,0.0074733150584235,0.0,99.9999985046382,0.0,0.0041080166787342
125.5,126,1,37,0,-36,-0.97400284,0.11004749,0.0074543819265537,0.0,99.99999783032554,0.0,0.0058567906710726
126.0,126,1,37,0,-36,-0.97400284,0.11004749,0.0074211221222284,0.0,99.99999830826016,0.0,0.0040366808606198
126.5,123,1,36,0,-35,-0.52886987,-0.19317754,0.0073879345510583,0.0,99.9999976378646,0.0,0.0046909961830258
127.0,124,1,37,0,-36,-0.8113891,-0.5454137,0.0073551531195475,0.0,99.99999808734984,0.0,0.004496724413318
127.5,125,1,37,0,-36,-0.029552117,-1.0136636,0.0073227709724759,0.0,99.999998141342,0.0,0.003962487388674
128.0,125,1,37,0,-36,-0.029552117,-1.0136636,0.0072903466269101,0.0,99.99999793300152,0.0,0.0043782918484898
128.5,124,1,36,0,-35,0.034013167,-1.0906664,0.0072582081576916,0.0,99.99999800991432,0.0,0.0045190208726181
129.0,124,1,36,0,-35,0.034013167,-1.0906664,0.007226778984704,0.0,99.99999816497316,0.0,0.0043723840050168
129.5,125,1,36,0,-35,0.58099234,-0.8573025,0.0071955149428331,0.0,99.99999835517715,0.0,0.0046603127417754
130.0,127,1,38,0,-37,-0.19376346,0.44726145,0.0071639954291072,0.0,99.99999835467672,0.0,0.0041306348254194
130.5,124,1,36,0,-35,0.15395978,-0.31271726,0.0071325427733776,0.0,99.9999986997991,0.0,0.0033813444618906
131.0,124,1,36,0,-35,0.15395978,-0.31271726,0.0071017776228651,0.0,99.99999731621637,0.0,0.0047939679708935
131.5,126,1,36,0,-35,0.012033373,-0.10224821,0.0070716857799823,0.0,99.99999878568596,0.0,0.0035319190974602
132.0,125,1,36,0,-35,-0.19119135,0.080954805,0.0070415436676506,0.0,99.99999772868084,0.0,0.005189214598416
132.5,126,1,37,0,-36,-0.65776026,0.05585955,0.0070116574181614,0.0,99.99999820539684,0.0,0.004769690634495
133.0,127,1,38,0,-37,0.066623196,-0.055610254,0.006981625048186,0.0,99.99999762788322,0.0,0.0049082068539834
133.5,127,1,38,0,-37,0.066623196,-0.055610254,0.0069521453552844,0.0,99.99999878120192,0.0,0.0033870985874804
134.0,128,1,39,0,-38,-0.20614001,-0.049359187,0.006923011580825,0.0,99.99999877931492,0.0,0.0033931188594432
134.5,128,1,38,0,-37,0.10235279,0.49742043,0.0068943153620572,0.0,99.99999704368328,0.0,0.0069557266042389
135.0,131,1,40,0,-39,-0.40830782,0.05929306,0.0068653740856697,0.0,99.99999793598984,0.0,0.0040277543427403
135.5,128,1,39,0,-38,0.70630527,0.276609,0.0068367703600139,0.0,99.99999716800542,0.0,0.0055266139266861
136.0,127,1,38,0,-37,-0.28012675,0.5940145,0.0068084039931498,0.0,99.99999796853888,0.0,0.0050804150133996
136.5,126,1,38,0,-37,-0.6449609,-0.29542613,0.0067801780316685,0.0,99.99999778878065,0.0,0.0049002862775485
137.0,128,1,39,0,-38,1.0404929,-1.1569339,0.0067521851396694,0.0,99.99999737627064,0.0,0.0051116738444337
137.5,126,1,38,0,-37,-0.009239376,-0.29398364,0.0067241450435213,0.0,99.99999780125256,0.0,0.0045327631815359
138.0,125,1,38,0,-37,0.17768134,-0.5696797,0.0066961534774809,0.0,99.99999768459682,0.0,0.004896864469613
138.5,125,1,38,0,-37,0.17768134,-0.5696797,0.0066684849311332,0.0,99.99999650529924,0.0,0.0059152813873596
139.0,125,1,38,0,-37,-0.10091901,-0.29509377,0.0066411342894393,0.0,99.9999978658483,0.0,0.0042330628785119
139.5,127,1,39,0,-38,0.19304425,-0.8254929,0.0066135598263433,0.0,99.99999721017738,0.0,0.0058176901215092
140.0,127,1,39,0,-38,0.19304425,-0.8254929,0.0065861246919067,0.0,99.99999719420096,0.0,0.0058306624289894
140.5,128,1,40,0,-39,-0.040846348,-1.0059596,0.006559180169546,0.0,99.99999795604022,0.0,0.0032221882684042
141.0,130,1,41,0,-40,0.24525626,-0.6906099,0.0065328915727034,0.0,99.9999966055173,0.0,0.0059981361681149
141.5,127,1,40,0,-39,0.70695305,-0.20705692,0.0065074189899527,0.0,99.99999794098764,0.0,0.00389972226529
142.0,129,1,41,0,-40,0.8822082,0.50257605,0.0064815428457816,0.0,99.9999973902342,0.0,0.0042147441106119
142.5,129,1,41,0,-40,0.8822082,0.50257605,0.0064557864441686,0.0,99.99999737318514,0.0,0.0042853123710215
143.0,128,1,40,0,-39,0.57928735,0.014664933,0.0064299802761341,0.0,99.99999831158324,0.0,0.0033417746680905
143.5,129,1,40,0,-39,-0.12798724,0.27608782,0.0064044634788416,0.0,99.99999820265714,0.0,0.0035075277516296
144.0,130,1,40,0,-39,0.63213944,0.36059558,0.0063794812920732,0.0,99.99999759294133,0.0,0.0051892080941712
144.5,129,1,40,0,-39,-0.41856506,-0.8409706,0.0063546106663894,0.0,99.99999764685364,0.0,0.0059840552639548
145.0,132,1,43,0,-42,0.06920011,0.4068398,0.0063295235383201,0.0,99.99999755765177,0.0,0.005022584174482
145.5,132,1,43,0,-42,-0.22021914,0.2169039,0.0063047962867457,0.0,99.9999974680588,0.0,0.0051937438586509
146.0,131,1,42,0,-41,-0.37044522,0.69434315,0.0062805034677626,0.0,99.99999695883524,0.0,0.0055246077843885
146.5,129,1,41,0,-40,0.28115547,-0.85732645,0.0062569575064296,0.0,99.99999718106731,0.0,0.0058917237873236
147.0,130,1,41,0,-40,0.27754137,-0.3910259,0.0062331901441664,0.0,99.99999706906377,0.0,0.0055394774358892
147.5,129,1,40,0,-39,0.12729296,0.74883896,0.0062093661113368,0.0,99.99999850323962,0.0,0.0041382126950107
148.0,129,1,40,0,-39,-0.30645004,-0.38409287,0.006185645255142,0.0,99.999997698542,0.0,0.0044853373673306
148.5,130,1,41,0,-40,0.08593227,-0.6479823,0.0061618719993951,0.0,99.99999755924482,0.0,0.0044951061111484
149.0,128,1,41,0,-40,-0.46776155,0.3083719,0.0061378955428083,0.0,99.99999758145184,0.0,0.0042746297706633
149.5,129,1,42,0,-41,-0.37993154,-0.699737,0.00611410495255,0.0,99.99999758428817,0.0,0.004272668217587
150.0,129,1,42,0,-41,-0.55182207,-0.45993537,0.0060907256557805,0.0,99.99999762027532,0.0,0.005093863366336
150.5,129,1,42,0,-41,-0.55182207,-0.45993537,0.0060674491897659,0.0,99.99999717965716,0.0,0.0053316164496712
151.0,129,1,42,0,-41,-0.55182207,-0.45993537,0.0060443499542656,0.0,99.9999983004316,0.0,0.003814809827103
151.5,125,1,40,0,-39,0.22941044,-0.5207937,0.0060215000800403,0.0,99.9999983609309,0.0,0.0036274573585215
152.0,125,1,40,0,-39,0.22941044,-0.5207937,0.0059993374964727,0.0,99.99999762677264,0.0,0.0048677335757584
152.5,124,1,39,0,-38,-0.48778585,0.11341962,0.0059769721563546,0.0,99.99999727672142,0.0,0.0055382035012429
153.0,124,1,39,0,-38,-0.48778585,0.11341962,0.0059545554175495,0.0,99.99999727423668,0.0,0.0055412447235749
153.5,124,1,39,0,-38,-0.48778585,0.11341962,0.0059325221104735,0.0,99.99999747556012,0.0,0.004877887166469
154.0,125,1,40,0,-39,-0.41383037,-0.415308,0.0059107227037023,0.0,99.99999776811696,0.0,0.0044229797326106
154.5,126,1,40,0,-39,-0.28324667,0.35369605,0.0058890829168422,0.0,99.99999774591096,0.0,0.0044506206120176
155.0,131,1,43,0,-42,-0.15573904,-0.1750441,0.0058678122300086,0.0,99.99999833243342,0.0,0.0039964114503673
155.5,133,1,44,0,-43,0.57961035,-0.42495006,0.0058466247399507,0.0,99.99999822889107,0.0,0.0036734795705599
156.0,132,1,43,0,-42,0.6785226,0.008228004,0.0058257979198684,0.0,99.99999827127188,0.0,0.0034256155814226
156.5,133,1,44,0,-43,-0.11120084,0.26573434,0.005805187867276,0.0,99.9999982672284,0.0,0.0034318852569394
157.0,130,1,42,0,-41,0.14868174,0.3120278,0.0057846546951522,0.0,99.99999870076888,0.0,0.0033559190641382
157.5,130,1,42,0,-41,0.14868174,0.3120278,0.0057644701167039,0.0,99.99999851851084,0.0,0.003361327727224
158.0,132,1,43,0,-42,0.5165534,-0.5702345,0.0057448308270676,0.0,99.99999860580688,0.0,0.0034051592213314
158.5,135,1,45,0,-44,0.13429326,-0.15525885,0.005725324903407,0.0,99.99999860273924,0.0,0.0034089733036599
159.0,135,1,45,0,-44,0.13429326,-0.15525885,0.0057294219234987,0.0,99.99999796463092,0.0,0.0043805157562266
159.5,135,1,45,0,-44,0.13429326,-0.15525885,0.0057330914503674,0.0,99.99999771879882,0.0,0.0041411666543594
160.0,134,1,44,0,-43,0.682219,-0.22945102,0.0057364700428786,0.0,99.99999772137627,0.0,0.0041414787749792
160.5,131,1,43,0,-42,1.0186937,-0.49884337,0.0057398916696501,0.0,99.99999776930208,0.0,0.0041302262677963
161.0,132,1,44,0,-43,0.71339464,-0.38582736,0.005732176155068,0.0,99.99999780105657,0.0,0.0047951299184959
161.5,129,1,43,0,-42,-0.56299376,0.049358487,0.0057129091096809,0.0,99.99999727679968,0.0,0.0047351825351693
162.0,129,1,43,0,-42,-0.56299376,0.049358487,0.0056937060538501,0.0,99.99999762289087,0.0,0.0044784689231538
162.5,129,1,43,0,-42,-0.56299376,0.049358487,0.0056746316617099,0.0,99.99999760060314,0.0,0.0044997517024669
163.0,129,1,43,0,-42,-0.56299376,0.049358487,0.0056555561864743,0.0,99.99999801586684,0.0,0.0043401107220362
163.5,126,1,41,0,-40,0.079567954,-0.7893228,0.0056367999275591,0.0,99.999997989238,0.0,0.0044926700333353
164.0,126,1,41,0,-40,0.079567954,-0.7893228,0.0056184212010785,0.0,99.99999711282273,0.0,0.0049407387220532
164.5,127,1,41,0,-40,0.73234415,-0.48147976,0.0056001619323932,0.0,99.99999804940973,0.0,0.0038975703435781
165.0,127,1,41,0,-40,0.73234415,-0.48147976,0.0055818332623461,0.0,99.99999727508074,0.0,0.0045675583020178
165.5,133,1,45,0,-44,0.01624979,1.1850001,0.0055633755613647,0.0,99.9999970614873,0.0,0.0046777432400314
166.0,134,1,46,0,-45,-0.054989606,0.48972005,0.0055449777866853,0.0,99.99999665516924,0.0,0.0073998685947442
166.5,134,1,46,0,-45,-0.05008456,0.79583997,0.0055265786261236,0.0,99.9999979304926,0.0,0.004591401796209
167.0,134,1,46,0,-45,-0.05008456,0.79583997,0.0055081793144639,0.0,99.99999812532783,0.0,0.0042613623533817
167.5,133,1,45,0,-44,0.32623798,-0.22140299,0.0054900231507,0.0,99.9999974977897,0.0,0.0043684333273657
168.0,133,1,45,0,-44,0.32623798,-0.22140299,0.0054720464135021,0.0,99.99999793532662,0.0,0.0046118645771746
168.5,131,1,44,0,-43,-0.5543256,0.63930184,0.0054539480889278,0.0,99.9999980427381,0.0,0.0049880506489146
169.0,138,1,48,0,-47,-0.74453545,1.3155891,0.0054358504158753,0.0,99.99999741512876,0.0,0.0049319800827708
169.5,138,1,48,0,-47,-0.74453545,1.3155891,0.0054178135097205,0.0,99.99999852043535,0.0,0.0038341919685554
170.0,139,1,48,0,-47,0.3647788,0.3734578,0.0053999544582154,0.0,99.99999785859596,0.0,0.0043983266450471
170.5,139,1,48,0,-47,0.3647788,0.3734578,0.0053823872724914,0.0,99.99999778699514,0.0,0.0049771401144442
171.0,139,1,48,0,-47,0.3647788,0.3734578,0.0053646450500915,0.0,99.99999824297214,0.0,0.0041474310238842
171.5,136,1,47,0,-46,0.09269275,-0.32069296,0.005347019412472,0.0,99.99999826311432,0.0,0.0041200604817388
172.0,130,1,42,0,-41,0.034361705,-0.6851679,0.0053296232876712,0.0,99.99999836812115,0.0,0.0040638932498268
172.5,132,1,43,0,-42,0.80736315,-0.6002278,0.0053121133250842,0.0,99.99999815204248,0.0,0.0044347938781376
173.0,133,1,44,0,-43,-0.037053525,-1.102969,0.005294492876887,0.0,99.99999840893716,0.0,0.0036724394825862
173.5,133,1,44,0,-43,-0.037053525,-1.102969,0.0052770448548812,0.0,99.9999984286364,0.0,0.0031390978066095
174.0,132,1,44,0,-43,-0.6144223,0.54607266,0.0052597114551868,0.0,99.99999792863817,0.0,0.0049219967681418
174.5,132,1,44,0,-43,-0.6144223,0.54607266,0.0052424363644019,0.0,99.99999815871722,0.0,0.0041879905494374
175.0,133,1,44,0,-43,-0.23933789,0.53630555,0.0052251647290888,0.0,99.99999733220164,0.0,0.0055275796624497
175.5,136,1,46,0,-45,0.07111031,0.46589062,0.0052082788625453,0.0,99.99999760490788,0.0,0.0049286185286534
176.0,136,1,47,0,-46,0.13015833,0.11386254,0.0051913394281187,0.0,99.9999981315482,0.0,0.0047620608711482
176.5,139,1,49,0,-48,0.5197452,0.7430973,0.0051746173588669,0.0,99.99999841251164,0.0,0.00488273085727
177.0,138,1,47,0,-46,-0.6553714,1.0149817,0.0051580026722182,0.0,99.99999844105436,0.0,0.004832155982235
177.5,139,1,48,0,-47,1.5192081,0.89574385,0.0051415474199343,0.0,99.9999984576344,0.0,0.0046680809538567
178.0,136,1,46,0,-45,-0.52879214,1.2562851,0.0051252495728958,0.0,99.99999846131736,0.0,0.0046601848562787
178.5,137,1,47,0,-46,-0.6082257,1.0584666,0.00510921197074,0.0,99.99999804131708,0.0,0.0049975641193102
179.0,136,1,46,0,-45,-0.23812994,1.4008482,0.0050933265149578,0.0,99.99999803959236,0.0,0.0050012211520692
179.5,136,1,46,0,-45,-0.23812994,1.4008482,0.005077280698177,0.0,99.99999837744,0.0,0.0041238700134036
180.0,138,1,46,0,-45,-0.5259987,0.8437983,0.0050612842246478,0.0,99.9999982894517,0.0,0.0041752562717094
180.5,138,1,46,0,-45,-0.5259987,0.8437983,0.005045286000851,0.0,99.9999986519386,0.0,0.0040482034696859
181.0,134,1,43,0,-42,0.4195145,0.52657944,0.0050294393891957,0.0,99.9999983091837,0.0,0.0041623063782048
181.5,135,1,44,0,-43,-0.44613913,0.57511914,0.0050138434432418,0.0,99.99999809579404,0.0,0.005124353151474
182.0,130,2,42,0,-40,-0.10627866,0.21711917,0.0049983940902521,0.0,99.99999800640948,0.0,0.005451203537601
182.5,130,2,44,0,-42,-0.3027288,0.008861288,0.0049832391054185,0.0,99.99999782793608,0.0,0.0050814448989284
183.0,132,2,45,0,-43,-0.30790266,0.12754978,0.0049682253060247,0.0,99.99999782674908,0.0,0.0050830779854024
183.5,132,2,45,0,-43,-0.30790266,0.12754978,0.0049531539058303,0.0,99.99999880531097,0.0,0.0033961391999911
184.0,132,2,45,0,-43,-0.30790266,0.12754978,0.0049380757369929,0.0,99.99999770917609,0.0,0.0049875243298619
184.5,131,2,44,0,-42,-0.14613381,0.44330382,0.0049230890901182,0.0,99.99999760377096,0.0,0.0051220878577003
185.0,133,2,45,0,-43,-0.40426734,0.47053128,0.0049082415091364,0.0,99.999997605276,0.0,0.0051213606604445
185.5,134,2,45,0,-43,1.0473361,-0.048583493,0.0048936274750651,0.0,99.99999813399366,0.0,0.0043418719057676
186.0,140,1,48,0,-47,-1.0084935,0.4376871,0.0048791002077046,0.0,99.9999979250032,0.0,0.0055835451296875
186.5,141,1,49,0,-48,0.6521466,-0.30329043,0.0048645163811123,0.0,99.99999837174886,0.0,0.0040553117863403
187.0,143,1,49,0,-48,0.7293403,0.29326746,0.0048498305480892,0.0,99.99999837342747,0.0,0.004053649874508
187.5,143,1,49,0,-48,0.045286924,-0.5665772,0.0048353739647153,0.0,99.99999819079105,0.0,0.0041147896934126
188.0,141,1,47,0,-46,-0.8367381,-0.077868655,0.0048210499820904,0.0,99.99999763585446,0.0,0.004871735443519
188.5,141,1,47,0,-46,-0.8367381,-0.077868655,0.0048068106135922,0.0,99.99999830011964,0.0,0.0036731910647279
189.0,140,1,46,0,-45,-0.36661908,-0.23262362,0.0047928396131081,0.0,99.9999979773923,0.0,0.0044297629823061
189.5,139,1,45,0,-44,-0.25564292,-0.44953424,0.0047789495907184,0.0,99.99999797083112,0.0,0.0044368674352636
190.0,140,1,46,0,-45,0.25950146,-0.5917043,0.0047652310371554,0.0,99.99999801385728,0.0,0.0045886207254895
190.5,140,1,46,0,-45,0.25950146,-0.5917043,0.0047515910196838,0.0,99.99999801088188,0.0,0.0045909260649858
191.0,141,1,48,0,-47,-0.0761365,0.37954736,0.0047380288658224,0.0,99.99999800966457,0.0,0.0045919557482123
191.5,138,1,45,0,-44,-0.19734159,1.0082301,0.0047244094488188,0.0,99.9999981634018,0.0,0.0041069001832194
192.0,137,1,45,0,-44,0.04379496,0.31979772,0.0047107344205229,0.0,99.9999985113552,0.0,0.0031638072899708
192.5,136,1,46,0,-45,0.041785747,-0.5181579,0.0046967839290766,0.0,99.99999840930192,0.0,0.0047432868085506
193.0,136,1,46,0,-45,0.012362063,0.29248804,0.0046828717852273,0.0,99.99999842944426,0.0,0.0043767430989131
193.5,132,1,44,0,-43,-0.07793072,0.25184405,0.0046689104937982,0.0,99.99999862679589,0.0,0.0037343284895205
194.0,132,1,44,0,-43,0.1752182,0.7060529,0.0046549886896861,0.0,99.99999844464446,0.0,0.0038814566122358
194.5,132,1,44,0,-43,0.1752182,0.7060529,0.0046412794273891,0.0,99.99999843754814,0.0,0.0044662314710835
195.0,132,1,44,0,-43,0.1752182,0.7060529,0.0046275646743978,0.0,99.999999026714,0.0,0.003189065358283
195.5,134,1,44,0,-43,-0.34949747,0.19237643,0.0046141017326044,0.0,99.99999881797122,0.0,0.0036031157371965
196.0,134,1,44,0,-43,-0.34949747,0.19237643,0.0046007594024555,0.0,99.9999976493776,0.0,0.0053693292241928
196.5,140,1,49,0,-48,-0.07913348,0.24077982,0.0045874517534567,0.0,99.99999884640256,0.0,0.00289511467416
197.0,140,1,49,0,-48,-0.07913348,0.24077982,0.0045743469155307,0.0,99.99999843857556,0.0,0.0029468652627838
197.5,141,1,50,0,-49,-0.1250669,0.19665179,0.0045615256379724,0.0,99.99999860576496,0.0,0.002930605989126
198.0,143,1,51,0,-50,-0.40977547,-0.2997573,0.0045485682970269,0.0,99.99999821227138,0.0,0.0044710295847561
198.5,142,1,51,0,-50,-0.37396017,-0.6864647,0.0045356843600859,0.0,99.99999830772948,0.0,0.0045518389862473
199.0,144,1,52,0,-51,0.6009456,0.58227164,0.0045228321284556,0.0,99.99999843769264,0.0,0.004619610794854
199.5,143,1,51,0,-50,0.58065593,0.35489917,0.0045100525267161,0.0,99.99999844132653,0.0,0.0046136824132025
200.0,144,1,52,0,-51,0.042277664,0.26905409,0.0044973449409384,0.0,99.99999844540018,0.0,0.0046073869537175
200.5,144,1,52,0,-51,0.042277664,0.26905409,0.0044847895390933,0.0,99.99999846376414,0.0,0.0047212590998617
201.0,144,1,52,0,-51,-0.44895127,-0.05488114,0.0044722638815299,0.0,99.99999862916133,0.0,0.0045769267327967
201.5,145,1,54,0,-53,-0.4036148,-0.11237644,0.004459648243006,0.0,99.99999781910908,0.0,0.0058209071561777
202.0,145,1,54,0,-53,-0.4036148,-0.11237644,0.0044470638662666,0.0,99.99999782073792,0.0,0.0058191060596684
202.5,140,1,51,0,-50,-0.333505,0.17301746,0.0044434154637981,0.0,99.9999978646904,0.0,0.0056189976700417
203.0,140,1,51,0,-50,-0.333505,0.17301746,0.0044485091722753,0.0,99.99999819245974,0.0,0.0050279772106754
203.5,140,1,51,0,-50,-0.333505,0.17301746,0.0044535344949709,0.0,99.99999822075443,0.0,0.0051635518143032
204.0,140,1,51,0,-50,-0.333505,0.17301746,0.0044584525196878,0.0,99.99999869628073,0.0,0.0042771810159722
204.5,141,1,52,0,-51,-0.25010177,-0.54203635,0.0044632639047837,0.0,99.99999845683834,0.0,0.003473537628071
205.0,145,1,55,0,-54,0.011409983,0.2053738,0.0044678124396538,0.0,99.99999853960333,0.0,0.0046236520091685
205.5,143,1,54,0,-53,-0.63375497,-0.20607565,0.0044549082761518,0.0,99.99999869254752,0.0,0.0035013898787248
206.0,143,1,54,0,-53,-0.63375497,-0.20607565,0.0044421559729107,0.0,99.99999812400964,0.0,0.0048865455166308
206.5,142,1,53,0,-52,-0.12122971,0.19207393,0.0044295535636585,0.0,99.999998120304,0.0,0.0048908862229538
207.0,142,1,53,0,-52,-0.12122971,0.19207393,0.0044169841283615,0.0,99.99999853309107,0.0,0.0041480205560773
207.5,140,1,52,0,-51,-0.27576858,0.123711824,0.0044042952694926,0.0,99.99999794639416,0.0,0.0050029529611769
208.0,139,1,51,0,-50,0.13317111,0.20817333,0.0043917169974115,0.0,99.99999788219596,0.0,0.0051261425177479
208.5,139,1,51,0,-50,0.13317111,0.20817333,0.004379248042674,0.0,99.99999788657829,0.0,0.005119319043587
209.0,139,1,51,0,-50,0.13317111,0.20817333,0.0043668496911461,0.0,99.99999891025249,0.0,0.0036150629099422
209.5,140,1,52,0,-51,0.20917143,0.120573565,0.0043546331071889,0.0,99.99999835572468,0.0,0.0044502617913
210.0,140,1,52,0,-51,0.20917143,0.120573565,0.0043426328811534,0.0,99.9999982511933,0.0,0.0047007060621472
210.5,140,1,51,0,-50,0.2929277,-0.59717554,0.0043307354592791,0.0,99.99999888440276,0.0,0.0027973738694229
211.0,141,1,52,0,-51,-0.38460556,-0.12823112,0.0043188297583491,0.0,99.99999805970884,0.0,0.0038264870089554
211.5,144,1,53,0,-52,-0.47180328,0.96856326,0.0043069164508977,0.0,99.99999799481324,0.0,0.0039771022019764
212.0,146,1,54,0,-53,-0.24744579,-0.20154847,0.0042952499092849,0.0,99.9999987488985,0.0,0.0032445157378945
212.5,143,1,52,0,-51,-0.25981414,0.8800598,0.0042837185033074,0.0,99.99999805396592,0.0,0.0044386329792083
213.0,142,1,52,0,-51,0.19648191,-0.29563612,0.004272177131682,0.0,99.99999854602744,0.0,0.0035168348399489
213.5,142,1,52,0,-51,0.19648191,-0.29563612,0.0042608761164918,0.0,99.99999833496808,0.0,0.003739459443879
214.0,145,1,54,0,-53,1.5942702,0.5456077,0.0042496347317887,0.0,99.9999983394183,0.0,0.0037339813450959
214.5,146,1,54,0,-53,-0.24744579,-0.20154847,0.0042384525068489,0.0,99.99999853100064,0.0,0.0036916050004823
215.0,147,1,55,0,-54,-0.16440597,0.026662633,0.0042272938675171,0.0,99.99999885161948,0.0,0.0032191285197085
215.5,148,1,55,0,-54,1.7556924,0.43184167,0.00421619382895,0.0,99.9999975131172,0.0,0.0053813585711347
216.0,147,1,55,0,-54,-0.038243055,-0.46595055,0.004205117189759,0.0,99.99999751783976,0.0,0.0053736656754289
216.5,144,1,53,0,-52,1.4787964,0.72093093,0.0041940294818025,0.0,99.99999866960825,0.0,0.0035747574886512
217.0,144,1,53,0,-52,1.4787964,0.72093093,0.0041829657144735,0.0,99.99999829864392,0.0,0.0046795618325691
217.5,144,1,53,0,-52,1.4787964,0.72093093,0.0041719601655669,0.0,99.99999793753216,0.0,0.0050841314724073
218.0,142,1,52,0,-51,-0.16451132,0.8286897,0.0041610123767637,0.0,99.999998289109,0.0,0.0046930428001935
218.5,142,1,52,0,-51,-0.16451132,0.8286897,0.0041501557327593,0.0,99.99999836288528,0.0,0.0046319960703039
219.0,141,1,51,0,-50,-0.10117814,0.44795078,0.0041393892571056,0.0,99.9999985664703,0.0,0.0037185986455436
219.5,140,1,51,0,-50,-0.4614521,0.6177659,0.0041287119878653,0.0,99.99999853795846,0.0,0.0037561901714924
220.0,141,1,51,0,-50,-0.18456492,0.89442164,0.0041180230253311,0.0,99.99999866836178,0.0,0.0035190726671961
220.5,143,1,53,0,-52,-0.44754538,0.9876489,0.0041071904074106,0.0,99.9999982185297,0.0,0.0041358310982194
221.0,143,1,53,0,-52,-0.4308494,1.364313,0.0040962497988089,0.0,99.999998777935,0.0,0.0034708161392493
221.5,142,1,52,0,-51,-0.15192595,-0.18400602,0.0040853345319121,0.0,99.99999763514629,0.0,0.0053015702681312
222.0,137,1,48,0,-47,-0.258401,0.6764821,0.004074575131483,0.0,99.99999784581142,0.0,0.004909025618473
222.5,138,1,50,0,-49,-0.11679801,-0.07984878,0.0040639047018339,0.0,99.99999767629777,0.0,0.00520767614003
223.0,141,1,52,0,-51,-0.27953574,0.37017286,0.0040533545689826,0.0,99.99999837388678,0.0,0.004303257915556
223.5,141,1,52,0,-51,-0.27953574,0.37017286,0.0040429554083464,0.0,99.99999823722136,0.0,0.0044031641025365
224.0,147,1,56,0,-55,0.17066321,-0.63327354,0.0040326733693025,0.0,99.99999827422032,0.0,0.0045634751981526
224.5,147,1,56,0,-55,0.17066321,-0.63327354,0.0040225070729741,0.0,99.99999880865708,0.0,0.0025508334353712
225.0,147,1,56,0,-55,0.17066321,-0.63327354,0.0040124235353471,0.0,99.99999746942552,0.0,0.0044997421070055
225.5,145,1,54,0,-53,0.17610782,-0.37982154,0.0040023589541969,0.0,99.99999805742854,0.0,0.0038870801694012
226.0,142,1,52,0,-51,-0.18391329,1.4055482,0.0039923760520185,0.0,99.99999806022504,0.0,0.0038847144166891
226.5,143,1,53,0,-52,-0.24104598,1.3427697,0.0039902668784376,0.0,99.9999988370855,0.0,0.0035448518221839
227.0,144,1,54,0,-53,-0.285338,1.1210531,0.0039961911303289,0.0,99.99999889397697,0.0,0.003642676698095
227.5,144,1,54,0,-53,-0.285338,1.1210531,0.0040021178522486,0.0,99.99999845982929,0.0,0.0039018988906194
228.0,145,1,54,0,-53,-0.061556846,1.357953,0.0040080160320641,0.0,99.9999981847891,0.0,0.0039978302364917
228.5,149,1,55,0,-54,1.8075931,0.70965785,0.0040139169785588,0.0,99.99999884319172,0.0,0.0029355705748424
229.0,150,1,56,0,-55,-0.093682736,0.8815214,0.0040196965129132,0.0,99.9999978193432,0.0,0.0037881596138382
229.5,150,1,56,0,-55,-0.47223195,0.6925294,0.0040254792788068,0.0,99.9999984796081,0.0,0.0044718928512623
230.0,151,1,57,0,-56,-0.27643517,0.36054805,0.004031327414565,0.0,99.99999833425848,0.0,0.0047119341276873
230.5,150,1,56,0,-55,-1.1309118,0.26240093,0.0040371169152128,0.0,99.99999817031004,0.0,0.0043156062804403
231.0,148,1,55,0,-54,-0.91359735,0.13001908,0.0040430338068073,0.0,99.9999979682276,0.0,0.0055937570318741
231.5,148,1,55,0,-54,-1.053201,0.22574124,0.0040486139226485,0.0,99.99999870202906,0.0,0.0031167592521839
232.0,149,1,56,0,-55,-1.1613377,0.1395411,0.0040541055439131,0.0,99.99999870406803,0.0,0.0031135588040098
232.5,146,1,53,0,-52,-0.37736323,0.29992783,0.004059570780213,0.0,99.99999846420856,0.0,0.0035810166748379
233.0,146,1,54,0,-53,-0.24950758,0.0877206,0.004064948164327,0.0,99.99999897831512,0.0,0.0027233226808518
233.5,146,1,54,0,-53,-0.24950758,0.0877206,0.0040703612634764,0.0,99.99999901061972,0.0,0.0024541378823105
234.0,151,1,57,0,-56,-0.005801186,0.31825536,0.0040756254953017,0.0,99.99999821559152,0.0,0.0033403326540232
234.5,151,1,57,0,-56,-0.005801186,0.31825536,0.0040732737526069,0.0,99.99999911239502,0.0,0.0026505165731562
235.0,147,1,56,0,-55,0.7502204,-0.8868887,0.0040634529585843,0.0,99.999998683429,0.0,0.0047445251315582
235.5,148,1,57,0,-56,0.27978793,-0.8660366,0.0040536490334182,0.0,99.99999817672897,0.0,0.0049860556306807
236.0,148,1,57,0,-56,0.27978793,-0.8660366,0.0040441341366782,0.0,99.99999833954662,0.0,0.0037944917756975
236.5,149,1,57,0,-56,-0.9010439,0.091714606,0.0040346638028757,0.0,99.99999834119954,0.0,0.0037913744924175
237.0,150,1,57,0,-56,-0.6417165,-0.0985852,0.0040251778220886,0.0,99.9999986846055,0.0,0.0047893648058374
237.5,151,1,57,0,-56,-0.96468663,-0.27943248,0.004023039695971,0.0,99.99999868676048,0.0,0.0047806053240871
238.0,151,1,57,0,-56,-0.96468663,-0.27943248,0.0040283465266618,0.0,99.9999987820862,0.0,0.0023361217335988
238.5,151,1,57,0,-56,0.27299258,-0.9809126,0.0040337475435511,0.0,99.9999978656496,0.0,0.0037036426076387
239.0,151,1,58,0,-57,-0.71555066,0.4204552,0.0040391532519606,0.0,99.99999786380774,0.0,0.0037045226299486
239.5,151,1,58,0,-57,-0.71555066,0.4204552,0.0040445042540831,0.0,99.99999872153067,0.0,0.0026122384628784
240.0,153,1,58,0,-57,0.08936229,0.82817,0.0040498899486427,0.0,99.99999744077496,0.0,0.0038027325094542
240.5,150,1,56,0,-55,-0.61129785,0.6842827,0.0040552212803958,0.0,99.99999813126072,0.0,0.0037499578206057
241.0,150,1,57,0,-56,-0.24646112,0.64899206,0.0040605281607852,0.0,99.99999813145504,0.0,0.0037484005450772
241.5,150,1,57,0,-56,-0.24646112,0.64899206,0.0040659885161327,0.0,99.99999815364596,0.0,0.0046594978795075
242.0,151,1,56,0,-55,0.5868429,-1.0439174,0.0040714244169138,0.0,99.9999991501241,0.0,0.0024509373573003
242.5,148,1,54,0,-53,-0.10680625,0.34395552,0.0040767768798874,0.0,99.99999915287862,0.0,0.0024464764959494
243.0,148,1,54,0,-53,-0.10680625,0.34395552,0.0040677180970027,0.0,99.99999710676931,0.0,0.0067700131942279
243.5,151,1,56,0,-55,0.5868429,-1.0439174,0.0040585236217629,0.0,99.99999771141556,0.0,0.0042072750330878
244.0,151,1,56,0,-55,0.5868429,-1.0439174,0.0040493997953684,0.0,99.9999977093816,0.0,0.0042107739820849
244.5,153,1,57,0,-56,0.12936062,-0.34361255,0.0040402588066139,0.0,99.99999793004925,0.0,0.0038248384925812
245.0,153,1,57,0,-56,0.12936062,-0.34361255,0.0040311011648591,0.0,99.99999816769896,0.0,0.0036376238463012
245.5,153,1,57,0,-56,0.12936062,-0.34361255,0.0040219849426044,0.0,99.99999816532116,0.0,0.0036398039934413
246.0,154,1,58,0,-57,-0.31157735,-0.29334104,0.0040129671679305,0.0,99.99999837115828,0.0,0.0034578318496452
246.5,155,1,58,0,-57,0.11153259,0.011750296,0.0040039897406668,0.0,99.99999837345808,0.0,0.0034550983562393
247.0,153,1,57,0,-56,-0.007948041,-0.07410012,0.0039950523906336,0.0,99.9999983766033,0.0,0.0034514896187168
247.5,153,1,57,0,-56,-0.007948041,-0.07410012,0.0039862679452987,0.0,99.99999724942008,0.0,0.0045185685517557
248.0,153,1,57,0,-56,-0.007948041,-0.07410012,0.0039775783483849,0.0,99.99999828067214,0.0,0.0044372885375998
248.5,153,1,57,0,-56,-0.007948041,-0.07410012,0.0039688985247279,0.0,99.99999870945771,0.0,0.0033463280957689
249.0,153,1,57,0,-56,-0.007948041,-0.07410012,0.0039742659234883,0.0,99.99999920110668,0.0,0.0024313690836627
249.5,152,1,57,0,-56,-1.0041904,0.5627249,0.0039793859371594,0.0,99.99999865254358,0.0,0.0032020083144266
250.0,151,1,57,0,-56,-0.80727744,0.7761161,0.0039844829642308,0.0,99.99999807236324,0.0,0.0038345105600196
250.5,151,1,57,0,-56,-0.80727744,0.7761161,0.0039895292355502,0.0,99.9999990782304,0.0,0.0028453380934264
251.0,149,1,55,0,-54,-1.0504994,0.41026026,0.0039945807785242,0.0,99.99999907827493,0.0,0.0028456918924855
251.5,147,1,54,0,-53,-0.7814915,-0.45535773,0.0039995540566905,0.0,99.99999819463764,0.0,0.0039338705457528
252.0,147,1,54,0,-53,-0.4676874,-0.11540188,0.0040045607497427,0.0,99.99999941827303,0.0,0.0023044110960132
252.5,148,1,55,0,-54,-0.9062395,-0.16226439,0.0040096564737221,0.0,99.99999818922866,0.0,0.0060946620766076
253.0,148,1,55,0,-54,-0.9062395,-0.16226439,0.0040147299055846,0.0,99.99999829501157,0.0,0.0059361470192387
253.5,148,1,55,0,-54,-0.9062395,-0.16226439,0.0040200866183611,0.0,99.99999769133542,0.0,0.0036494517710372
254.0,147,1,54,0,-53,-0.81091106,-0.2003236,0.004025420808117,0.0,99.99999836181031,0.0,0.0028883014870322
254.5,146,1,53,0,-52,-0.7813158,0.35189128,0.0040306494435502,0.0,99.99999898525816,0.0,0.0028858979623881
255.0,148,1,54,0,-53,-0.5968852,-0.52671176,0.004035800571052,0.0,99.99999850234713,0.0,0.0030628672586394
255.5,148,1,54,0,-53,-0.5968852,-0.52671176,0.0040409851784882,0.0,99.99999856337196,0.0,0.0031566092879526
256.0,149,1,54,0,-53,0.6281706,-0.3858962,0.0040459820391202,0.0,99.99999806377156,0.0,0.00378067404734
256.5,149,1,54,0,-53,0.6281706,-0.3858962,0.0040373179115063,0.0,99.99999806029987,0.0,0.0037840631605803
257.0,148,1,53,0,-52,0.39003593,-0.8627085,0.0040287182279084,0.0,99.9999984078758,0.0,0.003687499241439
257.5,147,1,52,0,-51,0.8135661,-0.8051987,0.0040201824021948,0.0,99.99999840703305,0.0,0.0036888159560955
258.0,146,1,52,0,-51,-0.17068192,0.22921349,0.0040116283009534,0.0,99.99999815790105,0.0,0.0040310897364685
258.5,146,1,52,0,-51,-0.78150594,0.3107329,0.0040031105250701,0.0,99.99999815646152,0.0,0.0040329011239218
259.0,148,1,53,0,-52,-0.8735111,0.15637596,0.0039945749353917,0.0,99.9999988158356,0.0,0.0030895921085709
259.5,149,1,54,0,-53,-0.12999073,0.6694339,0.0039860756681053,0.0,99.99999881616256,0.0,0.0030891739948816
260.0,150,1,55,0,-54,-0.87705183,0.2107836,0.0039777728503564,0.0,99.99999795957456,0.0,0.0036063222077296
260.5,150,1,55,0,-54,-0.87705183,0.2107836,0.0039696642549168,0.0,99.9999982677898,0.0,0.0032135349310378
261.0,151,1,57,0,-56,-0.7390667,0.3445633,0.003961429594288,0.0,99.99999772827046,0.0,0.0041158024083665
261.5,150,1,56,0,-55,-0.0760307,0.012316868,0.0039531234349437,0.0,99.99999772826868,0.0,0.0041153554273073
262.0,147,1,54,0,-53,-1.1004335,0.30380207,0.0039448520347306,0.0,99.99999772883784,0.0,0.0041140832360952
262.5,147,1,54,0,-53,-1.1004335,0.30380207,0.0039366151759174,0.0,99.9999977296148,0.0,0.0041124485042295
263.0,146,1,53,0,-52,-1.20508,-0.14056496,0.0039284126425874,0.0,99.99999773011432,0.0,0.0041111593225899
263.5,148,1,53,0,-52,-0.0056512654,-0.38856512,0.0039202701807827,0.0,99.99999911670228,0.0,0.0023263257836844
264.0,148,1,53,0,-52,-0.0056512654,-0.38856512,0.0039122131098789,0.0,99.99999894845288,0.0,0.0025020225410363
264.5,148,1,53,0,-52,-0.0056512654,-0.38856512,0.0039041633417527,0.0,99.99999911643312,0.0,0.0021373323623901
265.0,148,1,53,0,-52,-0.030727014,0.57290924,0.0038961209903518,0.0,99.99999778930898,0.0,0.003745686159509
265.5,150,1,54,0,-53,-0.6086482,0.16858968,0.0038880861683961,0.0,99.99999779401946,0.0,0.0037418997953433
266.0,150,1,54,0,-53,-0.25473726,-0.06813742,0.0038802624420746,0.0,99.99999866024848,0.0,0.0030222750805756
266.5,149,1,54,0,-53,-0.005348012,0.7876661,0.0038723688169651,0.0,99.99999894505784,0.0,0.0028707655925965
267.0,148,1,53,0,-52,0.63700104,-0.7820663,0.0038644063371041,0.0,99.99999818623596,0.0,0.003295224755822
267.5,148,1,53,0,-52,0.63700104,-0.7820663,0.0038564514132721,0.0,99.99999819222435,0.0,0.0032884243034354
268.0,148,1,53,0,-52,0.63700104,-0.7820663,0.0038485291727612,0.0,99.99999819942772,0.0,0.0032804081660777
268.5,147,1,52,0,-51,-0.99654436,-0.2801904,0.0038406892480164,0.0,99.99999895720906,0.0,0.0028548355543182
269.0,147,1,52,0,-51,-0.99654436,-0.2801904,0.0038328812001061,0.0,99.99999896115796,0.0,0.0028494730197299
269.5,149,1,53,0,-52,-0.33881214,0.51630855,0.0038250554051521,0.0,99.99999834412564,0.0,0.0033784627706575
270.0,150,1,53,0,-52,-0.10506287,0.4608462,0.0038172122744008,0.0,99.99999836538318,0.0,0.0033580778331773
270.5,149,1,52,0,-51,-0.17839769,0.7418085,0.0038094012419162,0.0,99.99999838491892,0.0,0.0033392590041252
271.0,149,1,52,0,-51,-0.17839769,0.7418085,0.0038016221110561,0.0,99.99999840207802,0.0,0.0033225502545972
271.5,150,1,53,0,-52,-0.6680379,0.1510178,0.003793874686781,0.0,99.9999984996989,0.0,0.0031106791500093
272.0,148,1,52,0,-51,0.18972975,0.43858707,0.0037861345612688,0.0,99.99999909283818,0.0,0.0023072025409271
272.5,149,1,52,0,-51,0.071425065,0.29621863,0.0037784259537015,0.0,99.99999883494417,0.0,0.0028113683788701
273.0,150,1,53,0,-52,0.2028057,0.13352713,0.0037707006369426,0.0,99.99999917391906,0.0,0.0023560234862719
273.5,149,1,52,0,-51,0.082345605,-0.22201683,0.0037630068458756,0.0,99.99999913958776,0.0,0.0023544089299423
274.0,150,1,53,0,-52,-0.14506608,0.19731389,0.0037553443879169,0.0,99.9999979360063,0.0,0.0044166056003394
274.5,151,1,53,0,-52,-0.07323399,-0.04899077,0.0037477367974576,0.0,99.99999793358596,0.0,0.0044172248230925
275.0,151,1,54,0,-53,0.15225464,-1.0324987,0.0037401599676526,0.0,99.9999979313384,0.0,0.0044178517202452
275.5,152,1,54,0,-53,0.056592673,0.69575185,0.0037326607818411,0.0,99.99999812530712,0.0,0.004227738564092
276.0,152,1,54,0,-53,0.056592673,0.69575185,0.0037251916082507,0.0,99.99999812031768,0.0,0.0042319183314185
276.5,152,1,54,0,-53,0.056592673,0.69575185,0.0037177289197862,0.0,99.99999807453956,0.0,0.0042814642735598
277.0,151,1,53,0,-52,-0.69891894,0.24373764,0.0037227608596193,0.0,99.9999979971613,0.0,0.0042913459888282
277.5,151,1,53,0,-52,-0.69891894,0.24373764,0.003727749215046,0.0,99.99999922868696,0.0,0.0023351097749663
278.0,151,1,54,0,-53,-1.0167587,0.26852438,0.0037326941562737,0.0,99.99999922846324,0.0,0.0023340967095572
278.5,153,1,57,0,-56,-1.0457451,0.4009478,0.0037375725712007,0.0,99.9999985645847,0.0,0.0033965098162955
279.0,154,1,58,0,-57,-0.57855976,0.42133582,0.0037423614176214,0.0,99.999998236055,0.0,0.0047152693708832
279.5,154,1,58,0,-57,-0.57855976,0.42133582,0.0037471074687792,0.0,99.99999823174912,0.0,0.0047181650266763
280.0,154,1,58,0,-57,-0.57855976,0.42133582,0.003739544444238,0.0,99.99999846743992,0.0,0.0037614126705607
280.5,153,1,57,0,-56,-1.0895253,-0.21510254,0.0037320810677212,0.0,99.99999888983932,0.0,0.0036585112560703
281.0,152,1,56,0,-55,-0.4543142,-0.09232418,0.0037246933603024,0.0,99.99999863842896,0.0,0.0033137332197212
281.5,151,1,55,0,-54,-0.756089,0.43984556,0.0037174034798343,0.0,99.99999867371548,0.0,0.0037924340405011
282.0,149,1,54,0,-53,0.02501303,-1.0798999,0.0037102560322374,0.0,99.9999987976627,0.0,0.0025448130059692
282.5,146,1,53,0,-52,-0.065739095,-0.13242655,0.0037031814252343,0.0,99.9999987944004,0.0,0.0028447134177573
283.0,147,1,53,0,-52,-0.33408985,0.2428922,0.0036960206585525,0.0,99.99999837823684,0.0,0.0049992051350438
283.5,150,1,54,0,-53,-0.13448045,-0.68103427,0.003688774887016,0.0,99.99999901594995,0.0,0.0028597771608711
284.0,150,1,54,0,-53,-0.13448045,-0.68103427,0.00368153502944,0.0,99.9999990147792,0.0,0.0028582465278062
284.5,150,1,54,0,-53,-0.13448045,-0.68103427,0.0036743011831979,0.0,99.999998477358,0.0,0.004852771801454
285.0,151,1,55,0,-54,-0.3786303,0.16033183,0.0036670734446812,0.0,99.999998467141,0.0,0.0048651983283335
285.5,151,1,55,0,-54,-0.3786303,0.16033183,0.0036599406168575,0.0,99.99999856588782,0.0,0.0041612010790233
286.0,153,1,56,0,-55,0.64337385,-0.8729207,0.0036529459436575,0.0,99.99999845489198,0.0,0.0034011446710338
286.5,152,1,55,0,-54,0.023921758,0.15754184,0.0036459339385744,0.0,99.99999795819384,0.0,0.0051198487518267
287.0,151,1,54,0,-53,0.7560476,-0.96158606,0.0036389488016772,0.0,99.9999979506018,0.0,0.0051284389022046
287.5,150,1,53,0,-52,-0.47785047,-0.24421029,0.0036319903788334,0.0,99.99999794395322,0.0,0.0051362462562088
288.0,149,1,53,0,-52,-0.370375,0.21020794,0.0036251890620123,0.0,99.99999880241408,0.0,0.0028434883408058
288.5,149,1,53,0,-52,-0.370375,0.21020794,0.0036183264641042,0.0,99.99999897115896,0.0,0.0028551800918848
289.0,151,1,55,0,-54,-0.4699438,0.28456867,0.0036115113936009,0.0,99.99999797551898,0.0,0.0052882653453423
289.5,153,1,57,0,-56,-0.67305243,-0.25479805,0.0036047864880188,0.0,99.99999797999304,0.0,0.005283575199393
290.0,152,1,57,0,-56,-0.9952066,0.2328502,0.0035981294492598,0.0,99.999997858,0.0,0.0056024917182324
290.5,152,1,57,0,-56,-0.9952066,0.2328502,0.0035914755969936,0.0,99.99999757443275,0.0,0.0052118245201377
291.0,151,1,57,0,-56,-0.8371444,-0.09399526,0.0035848250320497,0.0,99.99999758346428,0.0,0.00520084971972
291.5,150,1,56,0,-55,-0.21252981,-0.39005977,0.0035782838455887,0.0,99.9999975126554,0.0,0.0052911888217003
292.0,150,1,56,0,-55,-0.21252981,-0.39005977,0.0035718087308251,0.0,99.9999975099637,0.0,0.0045590268935111
292.5,147,1,54,0,-53,0.010116577,0.061649784,0.0035653359620799,0.0,99.99999756756488,0.0,0.004649180939258
293.0,146,1,54,0,-53,0.17805302,0.76867485,0.0035588446717496,0.0,99.9999979024984,0.0,0.0043760450685569
293.5,149,1,56,0,-55,-0.057248503,0.25541303,0.0035524187619467,0.0,99.9999989247122,0.0,0.0029307765434884
294.0,149,1,56,0,-55,-0.057248503,0.25541303,0.0035460576527916,0.0,99.99999827094,0.0,0.0043170212078652
294.5,150,1,57,0,-56,-0.6453353,0.21357024,0.0035396777955543,0.0,99.99999870712692,0.0,0.0032889286970018
295.0,151,1,58,0,-57,-0.84652317,0.15701531,0.0035332795151685,0.0,99.999998668038,0.0,0.0033226114861754
295.5,151,1,57,0,-56,0.048893705,0.12040386,0.003526924918542,0.0,99.99999866676306,0.0,0.0033243963705304
296.0,151,1,57,0,-56,0.048893705,0.12040386,0.0035205931383406,0.0,99.9999986654642,0.0,0.0033262004874939
296.5,152,1,57,0,-56,-0.096686274,0.3493317,0.0035143249470523,0.0,99.9999986217346,0.0,0.0030659923749097
297.0,153,1,58,0,-57,-0.41706416,0.021080896,0.0035081197871895,0.0,99.99999799475589,0.0,0.0048632262762244
297.5,155,1,60,0,-59,-0.016049057,-1.2450315,0.0035018552875695,0.0,99.99999818471782,0.0,0.0044002972638999
298.0,155,1,59,0,-58,0.15462956,0.46327478,0.0034956131212815,0.0,99.9999981769076,0.0,0.0044110606707157
298.5,155,1,59,0,-58,0.15462956,0.46327478,0.003489433487007,0.0,99.99999803184603,0.0,0.0046367596513575
299.0,155,1,59,0,-58,0.15462956,0.46327478,0.0034832756632064,0.0,99.99999803071752,0.0,0.0046385652531318
299.5,154,1,58,0,-57,1.5710809,0.6940966,0.0034772196059918,0.0,99.99999841580946,0.0,0.0041934054738961
300.0,153,1,57,0,-56,1.7082167,0.19848254,0.0034711446731721,0.0,99.99999844062832,0.0,0.004157636346086
300.5,153,1,57,0,-56,1.7082167,0.19848254,0.0034650312942809,0.0,99.99999783069924,0.0,0.0047448097643814
301.0,155,1,58,0,-57,-1.2213297,-0.00608398,0.0034588205650933,0.0,99.99999833998672,0.0,0.0043123431728555
301.5,154,1,58,0,-57,-0.78627145,-0.21634768,0.0034752190588329,0.0,99.99999799300296,0.0,0.0052266644622314
302.0,154,1,58,0,-57,-0.78627145,-0.21634768,0.0034915762869482,0.0,99.99999811857252,0.0,0.0051918260629632
302.5,154,1,58,0,-57,-0.78627145,-0.21634768,0.0035078328312652,0.0,99.9999980395444,0.0,0.0052381746095889
303.0,153,1,57,0,-56,-0.4322932,-0.5542335,0.0035241088835964,0.0,99.9999986421706,0.0,0.0037463590633932
303.5,150,1,55,0,-54,0.12275343,0.6374414,0.0035177903737368,0.0,99.99999849592407,0.0,0.0049109450212893
304.0,150,1,55,0,-54,0.060622156,0.56119025,0.0035114944807235,0.0,99.99999849235192,0.0,0.0049166174794251
304.5,151,1,55,0,-54,-0.6932939,0.22957928,0.0035052012663952,0.0,99.99999847253387,0.0,0.0049525634764755
305.0,154,1,57,0,-56,-0.8561839,0.109854296,0.0034988515866163,0.0,99.9999986872278,0.0,0.0040423979305465
305.5,154,1,57,0,-56,-0.8561839,0.109854296,0.0034924855230842,0.0,99.99999808694426,0.0,0.0055034925605605
306.0,154,1,57,0,-56,-0.8561839,0.109854296,0.0034861229814223,0.0,99.99999809011376,0.0,0.0054989459439987
306.5,153,1,56,0,-55,0.034593955,-0.25931072,0.0034797640495473,0.0,99.99999831211063,0.0,0.0050706222075657
307.0,152,1,55,0,-54,-0.13374233,0.4820006,0.0034734088146152,0.0,99.99999822656164,0.0,0.0051939794659596
307.5,152,1,55,0,-54,-0.7991862,0.11148526,0.0034670961392206,0.0,99.99999843635932,0.0,0.0046889684104943
308.0,152,1,55,0,-54,-0.7991862,0.11148526,0.0034608063678837,0.0,99.99999845959316,0.0,0.0046288984741748
308.5,152,1,55,0,-54,-0.7991862,0.11148526,0.0034545201281515,0.0,99.99999845718284,0.0,0.0046322908404073
309.0,152,1,55,0,-54,-0.7991862,0.11148526,0.0034482566837781,0.0,99.999998455263,0.0,0.0046351701544305
309.5,151,1,54,0,-53,-1.0622904,0.3120505,0.0034419968022739,0.0,99.99999802026892,0.0,0.0053831899571872
310.0,150,1,53,0,-52,0.18110555,-0.74096125,0.0034357786471898,0.0,99.99999850182904,0.0,0.0045474405222149
310.5,151,1,54,0,-53,0.083220586,-0.82283026,0.0034295829184644,0.0,99.9999985020246,0.0,0.0045464113940848
311.0,151,1,54,0,-53,0.083220586,-0.82283026,0.0034234851078397,0.0,99.99999875144812,0.0,0.0040838933437311
311.5,150,1,54,0,-53,-0.08164269,0.077787444,0.0034174089425875,0.0,99.99999875041074,0.0,0.0040858312242564
312.0,149,1,54,0,-53,0.3891102,-0.537201,0.003411335537863,0.0,99.99999814904086,0.0,0.0050014577904656
312.5,149,1,54,0,-53,0.3891102,-0.537201,0.0034053210888239,0.0,99.9999984269874,0.0,0.0044247531982549
313.0,149,1,54,0,-53,0.3891102,-0.537201,0.0033992532608159,0.0,99.9999985172514,0.0,0.0043859004126551
313.5,149,1,54,0,-53,0.3891102,-0.537201,0.003393169877408,0.0,99.99999910025043,0.0,0.0030728263109173
314.0,150,1,55,0,-54,0.4093435,-0.544387,0.0033871267331708,0.0,99.99999909762197,0.0,0.0030806427258445
314.5,148,1,54,0,-53,0.11221227,0.5446608,0.0033811050760203,0.0,99.99999909460811,0.0,0.0030886106142003
315.0,148,1,54,0,-53,0.11221227,0.5446608,0.0033750680457267,0.0,99.99999895756702,0.0,0.0032910440266241
315.5,145,1,51,0,-50,0.48326838,-0.56022465,0.0033689793079464,0.0,99.99999809491015,0.0,0.0042498431760367
316.0,145,1,51,0,-50,0.48326838,-0.56022465,0.0033629672219178,0.0,99.99999908402812,0.0,0.0025882873445848
316.5,145,1,51,0,-50,0.48326838,-0.56022465,0.003357012908256,0.0,99.99999918542518,0.0,0.0028306360820752
317.0,145,1,51,0,-50,0.48326838,-0.56022465,0.0033511158675336,0.0,99.99999901001468,0.0,0.0024821517147693
317.5,144,1,50,0,-49,-0.41048077,-0.1820934,0.0033452395083577,0.0,99.99999873958666,0.0,0.0028156147641584
318.0,144,1,50,0,-49,-0.41048077,-0.1820934,0.0033393657359531,0.0,99.99999874136498,0.0,0.0028157119236632
318.5,145,1,50,0,-49,-0.26502728,0.25317323,0.0033335484009721,0.0,99.99999908543424,0.0,0.0024955852968768
319.0,149,1,53,0,-52,-0.036320835,0.18281825,0.0033277691601676,0.0,99.99999923862958,0.0,0.002425052559083
319.5,149,1,53,0,-52,-0.036320835,0.18281825,0.0033220277228571,0.0,99.99999922518644,0.0,0.0025075496176119
320.0,149,1,53,0,-52,-0.036320835,0.18281825,0.0033163060629563,0.0,99.99999904643585,0.0,0.0028765291593048
320.5,149,1,53,0,-52,-0.036320835,0.18281825,0.0033212834464456,0.0,99.99999907253662,0.0,0.0029683018144796
321.0,148,1,53,0,-52,0.07867351,0.14221522,0.0033262437433035,0.0,99.9999990710564,0.0,0.0029733918528764
321.5,146,1,51,0,-50,-0.7044202,-0.006954819,0.0033312047679863,0.0,99.99999930433655,0.0,0.0024293567754858
322.0,145,1,50,0,-49,-0.18018812,-0.5122519,0.0033362020420956,0.0,99.99999850707884,0.0,0.0044805523342784
322.5,147,1,52,0,-51,-0.255681,-0.05934514,0.0033411470210757,0.0,99.99999860963872,0.0,0.0041496319757408
323.0,146,1,51,0,-50,0.5528865,-1.179467,0.0033461106757872,0.0,99.99999908564185,0.0,0.0025547819982454
323.5,147,1,52,0,-51,0.6066997,-0.7724963,0.0033510222203429,0.0,99.99999894467088,0.0,0.0029539510443381
324.0,147,1,52,0,-51,0.6066997,-0.7724963,0.0033558817632098,0.0,99.99999894228516,0.0,0.0029556453852927
324.5,147,1,52,0,-51,0.6066997,-0.7724963,0.0033607425239281,0.0,99.99999893278152,0.0,0.0032557375839575
325.0,147,1,52,0,-51,0.6066997,-0.7724963,0.0033655868742111,0.0,99.99999893282148,0.0,0.0031280023927381
325.5,148,1,53,0,-52,-0.11478484,-0.20913915,0.0033704325913481,0.0,99.9999989314751,0.0,0.0031293427733107
326.0,148,1,53,0,-52,-0.11478484,-0.20913915,0.0033752974349835,0.0,99.9999989786718,0.0,0.0031345074710376
326.5,148,1,53,0,-52,-0.11478484,-0.20913915,0.003380146089286,0.0,99.9999989751074,0.0,0.003139178591538
327.0,145,1,51,0,-50,0.29923293,-0.09978826,0.0033849432708581,0.0,99.99999832771913,0.0,0.0041818289445397
327.5,145,1,51,0,-50,0.29923293,-0.09978826,0.0033897244414777,0.0,99.9999988765876,0.0,0.0029111857170932
328.0,144,1,50,0,-49,-0.29579714,-0.06896992,0.0033944896811678,0.0,99.99999887702104,0.0,0.0029103610190466
328.5,144,1,51,0,-50,0.29553762,-0.48069328,0.0033992390694193,0.0,99.99999887836503,0.0,0.0029079298911451
329.0,145,1,52,0,-51,0.36730608,-0.6111602,0.0034040433392834,0.0,99.99999888882,0.0,0.0036276670038267
329.5,146,1,52,0,-51,0.088608,0.20826718,0.0034088318793128,0.0,99.9999980279118,0.0,0.0050969716997072
330.0,146,1,52,0,-51,0.088608,0.20826718,0.0034136047666335,0.0,99.99999802564878,0.0,0.00510151230299
330.5,148,1,52,0,-51,0.6128043,-0.7425664,0.003418379729318,0.0,99.99999837115192,0.0,0.0045159690856865
331.0,148,1,52,0,-51,0.6128043,-0.7425664,0.0034231568311053,0.0,99.99999836186804,0.0,0.0041657405741764
331.5,148,1,52,0,-51,0.6128043,-0.7425664,0.0034278832049163,0.0,99.99999786954028,0.0,0.0046609348280045
332.0,149,1,52,0,-51,-0.121195436,-0.4945584,0.0034326295072532,0.0,99.9999988049181,0.0,0.0036720962923029
332.5,150,1,52,0,-51,-0.42125705,0.3535363,0.0034270997398892,0.0,99.99999877780157,0.0,0.0038158210426768
333.0,149,1,52,0,-51,-0.72444487,0.25812677,0.0034215351834209,0.0,99.9999979758955,0.0,0.0046055111710343
333.5,149,1,52,0,-51,-0.72444487,0.25812677,0.0034159537312135,0.0,99.9999986694054,0.0,0.0038762526766432
334.0,152,1,53,0,-52,-0.7019696,0.55658954,0.0034104426938412,0.0,99.99999840051632,0.0,0.0043360147901175
334.5,150,1,53,0,-52,-0.7906902,0.37644923,0.0034048973433645,0.0,99.99999822779256,0.0,0.0046891620234561
335.0,149,1,54,0,-53,-0.13702664,0.8505009,0.0033993353993964,0.0,99.999998454348,0.0,0.0044926826292597
335.5,149,1,54,0,-53,-0.13702664,0.8505009,0.0033937743546494,0.0,99.99999845631297,0.0,0.0044915258307967
336.0,149,1,55,0,-54,-0.7927213,-0.11150859,0.0033882314750472,0.0,99.99999782897814,0.0,0.0055586602475823
336.5,150,1,56,0,-55,-0.8337934,-0.013277248,0.0033826724124834,0.0,99.99999878121272,0.0,0.0027295220268884
337.0,152,1,57,0,-56,-0.7852242,0.72502905,0.0033771827824346,0.0,99.99999764385392,0.0,0.004605077709981
337.5,152,1,58,0,-57,-1.113303,0.24556437,0.003371744978977,0.0,99.99999856271717,0.0,0.0037328340513149
338.0,152,1,58,0,-57,-1.113303,0.24556437,0.0033663076946335,0.0,99.99999843760672,0.0,0.0037713790278612
338.5,152,1,58,0,-57,-1.113303,0.24556437,0.0033609217378179,0.0,99.99999771789764,0.0,0.0047992550031688
339.0,153,1,59,0,-58,0.10826133,0.357095,0.0033555867002225,0.0,99.99999846474718,0.0,0.0036929327391142
339.5,153,1,59,0,-58,0.10826133,0.357095,0.0033502349678267,0.0,99.99999802178144,0.0,0.0043580664564835
340.0,151,1,56,0,-55,-0.1433906,0.44317132,0.0033449002789086,0.0,99.99999802210286,0.0,0.0043606798167898
340.5,151,1,56,0,-55,-0.1433906,0.44317132,0.0033395825521809,0.0,99.99999802254034,0.0,0.004363152213678
341.0,150,1,55,0,-54,0.016297251,-0.087745294,0.0033342317790222,0.0,99.99999818672566,0.0,0.0041776882739081
341.5,153,1,57,0,-56,0.38811955,-1.130534,0.0033289313034161,0.0,99.9999984527379,0.0,0.0038278974225382
342.0,153,1,57,0,-56,0.38811955,-1.130534,0.0033236641905036,0.0,99.99999845520078,0.0,0.0038241336049275
342.5,153,1,57,0,-56,0.38811955,-1.130534,0.0033184466887565,0.0,99.99999735589418,0.0,0.0051451281136298
343.0,153,1,57,0,-56,0.38811955,-1.130534,0.0033132455422463,0.0,99.99999862060784,0.0,0.0030754463803473
343.5,152,1,57,0,-56,-0.5652813,-0.34294373,0.0033080442921379,0.0,99.99999871988746,0.0,0.0030989152311131
344.0,152,1,57,0,-56,-0.5652813,-0.34294373,0.0033028430160692,0.0,99.99999872255388,0.0,0.0030956720160292
344.5,153,1,58,0,-57,-0.6960882,-0.2372321,0.0032976580703763,0.0,99.99999872509196,0.0,0.0030925587758835
345.0,155,1,58,0,-57,-0.28025877,-0.58347553,0.0032924569220456,0.0,99.99999867064312,0.0,0.0029254935161605
345.5,155,1,58,0,-57,-0.28025877,-0.58347553,0.0032872398011908,0.0,99.99999889338304,0.0,0.0026891279668442
346.0,157,1,59,0,-58,-0.55453897,-0.6060414,0.003282087564917,0.0,99.99999800153792,0.0,0.0035565676273248
346.5,156,1,58,0,-57,0.28363913,-0.89728063,0.0032770157571476,0.0,99.9999974788365,0.0,0.0042049307145072
347.0,155,1,57,0,-56,-0.41699305,-0.40437037,0.00327203973471,0.0,99.99999847614846,0.0,0.0030515558650081
347.5,155,1,57,0,-56,-0.41699305,-0.40437037,0.0032670148874151,0.0,99.99999916543544,0.0,0.0029475929541589
348.0,156,1,59,0,-58,0.2284122,0.8092351,0.0032717879100111,0.0,99.99999850587056,0.0,0.0032919373966673
348.5,156,1,59,0,-58,-0.027143061,0.58452195,0.0032765303883566,0.0,99.99999850294483,0.0,0.0032960476618287
349.0,156,1,59,0,-58,-0.027143061,0.58452195,0.0032812583674522,0.0,99.99999850190014,0.0,0.0032978974818963
349.5,158,1,60,0,-59,0.02590856,0.62030375,0.0032859399684044,0.0,99.9999977270678,0.0,0.004586641711176
350.0,156,1,59,0,-58,0.12000073,0.5937307,0.0032905912386794,0.0,99.99999826066396,0.0,0.0052994356920509
350.5,156,1,59,0,-58,0.12000073,0.5937307,0.0032952122504361,0.0,99.99999847503256,0.0,0.0045868804786947
351.0,153,1,58,0,-57,-0.7880088,0.5272485,0.0032997711449044,0.0,99.9999983663718,0.0,0.0048209000087031
351.5,156,1,59,0,-58,-0.96140313,-0.07766704,0.0033043159003294,0.0,99.9999985050022,0.0,0.0045098785071416
352.0,156,1,59,0,-58,-0.06986484,-0.35764933,0.0032992952821042,0.0,99.99999870660538,0.0,0.0042986175828854
352.5,155,1,59,0,-58,-0.07320267,-0.05764346,0.0032942898975109,0.0,99.99999831491232,0.0,0.004199652092619
353.0,155,1,59,0,-58,-0.07320267,-0.05764346,0.0032892680416832,0.0,99.99999815413553,0.0,0.004920781877982
353.5,155,1,59,0,-58,-0.07320267,-0.05764346,0.0032842772429356,0.0,99.99999820181752,0.0,0.0047242724691319
354.0,155,1,59,0,-58,-0.07320267,-0.05764346,0.003279333010514,0.0,99.99999862897872,0.0,0.0049302882569327
354.5,155,1,59,0,-58,-0.07320267,-0.05764346,0.0032743722922999,0.0,99.9999987683622,0.0,0.0044226976594874
355.0,154,1,58,0,-57,-0.036946505,-0.33043987,0.0032694578149123,0.0,99.99999863298125,0.0,0.0049228735649913
355.5,154,1,58,0,-57,-0.036946505,-0.33043987,0.0032645424867795,0.0,99.99999826909249,0.0,0.0034320250195616
356.0,154,1,58,0,-57,-0.036946505,-0.33043987,0.0032596108482136,0.0,99.99999830457432,0.0,0.0046162530766542
356.5,153,1,58,0,-57,0.51949704,-0.94814914,0.0032547250613829,0.0,99.99999903795158,0.0,0.0029520333430863
357.0,152,1,58,0,-57,0.6167858,-0.8584005,0.0032499002223615,0.0,99.9999985710525,0.0,0.0039045496094606
357.5,152,1,58,0,-57,0.6167858,-0.8584005,0.0032451204584918,0.0,99.99999872241254,0.0,0.0037857695206283
358.0,152,1,58,0,-57,0.6167858,-0.8584005,0.0032403854353202,0.0,99.99999833631354,0.0,0.0042940986820594
358.5,153,1,58,0,-57,0.5308895,-0.9296035,0.0032356335976082,0.0,99.99999845072708,0.0,0.00400137744832
359.0,156,1,59,0,-58,-0.5830946,-0.16760136,0.003230895676079,0.0,99.99999860552244,0.0,0.0038784428745389
359.5,155,1,59,0,-58,0.2383411,-1.2209119,0.0032261259604092,0.0,99.99999862859916,0.0,0.0035947095612658
360.0,155,1,59,0,-58,0.2383411,-1.2209119,0.0032213247933689,0.0,99.99999846530912,0.0,0.0034743581201285
360.5,155,1,59,0,-58,0.2383411,-1.2209119,0.0032165378954248,0.0,99.99999823770052,0.0,0.0038512614463
361.0,157,1,60,0,-59,-0.7382153,0.24769723,0.0032117652030596,0.0,99.99999827456872,0.0,0.003801159222224
361.5,156,1,59,0,-58,0.07152003,-0.28105783,0.0032070066531322,0.0,99.99999831466036,0.0,0.0037472325345564
362.0,155,1,58,0,-57,-0.7327062,-0.08980869,0.0032022771748799,0.0,99.99999854597002,0.0,0.0035034362565812
362.5,154,1,59,0,-58,-0.5359423,0.33532363,0.0031975167822883,0.0,99.99999821353404,0.0,0.0046871242868079
363.0,154,1,60,0,-59,-0.026315212,0.5732368,0.003192710910296,0.0,99.99999903249036,0.0,0.0032090374818652
363.5,155,1,60,0,-59,-0.061395228,-0.08588751,0.0031879491792429,0.0,99.99999844912752,0.0,0.0039479736264602
364.0,152,1,59,0,-58,-1.0825174,0.09124391,0.0031832016306927,0.0,99.99999844111882,0.0,0.0039602043509033
364.5,152,1,59,0,-58,-0.41262415,-0.28443605,0.0031784829714168,0.0,99.99999890531689,0.0,0.0032707740239595
365.0,151,1,58,0,-57,-0.6009413,-0.6894765,0.0031737635546151,0.0,99.99999890696124,0.0,0.0032670955656073
365.5,151,1,58,0,-57,-0.6009413,-0.6894765,0.0031690874973938,0.0,99.99999821393142,0.0,0.0043831750030495
366.0,151,1,58,0,-57,-0.6009413,-0.6894765,0.0031644691186675,0.0,99.9999983150736,0.0,0.0042553795993701
366.5,152,1,58,0,-57,-0.58941376,-0.49783486,0.0031598349863951,0.0,99.9999988540566,0.0,0.0035879505183733
367.0,153,1,57,0,-56,-0.38484004,-0.566724,0.0031551852979435,0.0,99.99999875863637,0.0,0.0037307852888787
367.5,153,1,57,0,-56,-0.38484004,-0.566724,0.0031505782969373,0.0,99.99999865466638,0.0,0.0034938922135456
368.0,154,1,58,0,-57,-0.8317946,-0.30878288,0.0031460281394739,0.0,99.99999865927168,0.0,0.0034885167750727
368.5,154,1,58,0,-57,-0.8317946,-0.30878288,0.0031415199628896,0.0,99.99999830986764,0.0,0.0036791867317075
369.0,153,1,58,0,-57,-0.69732976,-0.48892707,0.0031370103007677,0.0,99.99999900337768,0.0,0.0030549225312272
369.5,153,1,58,0,-57,-0.69732976,-0.48892707,0.0031324705300469,0.0,99.99999900580504,0.0,0.0030516165672157
370.0,153,1,58,0,-57,-0.69732976,-0.48892707,0.0031279438799308,0.0,99.99999887274734,0.0,0.0032846426155334
370.5,153,1,58,0,-57,-0.48837963,0.11189051,0.0031234302936207,0.0,99.99999891766426,0.0,0.0032156856403285
371.0,150,1,56,0,-55,0.51188207,-1.0562438,0.0031189439365267,0.0,99.99999900634708,0.0,0.0029376342766834
371.5,151,1,56,0,-55,0.6591505,-1.2794486,0.0031145129930743,0.0,99.99999880555936,0.0,0.0039680694289172
372.0,152,1,56,0,-55,-1.0241859,0.055982962,0.0031101229044182,0.0,99.9999988070178,0.0,0.0039649753866258
372.5,151,1,56,0,-55,-0.58315396,-0.13746141,0.0031057028695968,0.0,99.99999885647836,0.0,0.0039626594385976
373.0,155,1,58,0,-57,0.24168235,-0.8690323,0.0031013094417643,0.0,99.99999885860342,0.0,0.0039588502032059
373.5,155,1,58,0,-57,0.24168235,-0.8690323,0.0030969564705562,0.0,99.99999880152762,0.0,0.0040931360812818
374.0,155,1,58,0,-57,0.24168235,-0.8690323,0.0030926157018067,0.0,99.99999880403138,0.0,0.0040887914572064
374.5,154,1,57,0,-56,0.39938647,-0.8401112,0.0030883010280791,0.0,99.99999915609943,0.0,0.0029519218801628
375.0,153,1,56,0,-55,0.6205096,-0.7949622,0.0030839983768429,0.0,99.99999919555584,0.0,0.0027229446505033
375.5,153,1,56,0,-55,-0.18297043,0.53918284,0.0030796799654211,0.0,99.99999819534212,0.0,0.003904122811318
376.0,153,1,56,0,-55,-0.18297043,0.53918284,0.0030753459764223,0.0,99.99999871563256,0.0,0.0030610461944699
376.5,154,1,55,0,-54,-0.09708822,0.045264095,0.0030710379569515,0.0,99.99999795349687,0.0,0.004101971261326
377.0,152,1,55,0,-54,0.07373281,0.8571066,0.0030667282403525,0.0,99.9999989698835,0.0,0.0027148218350509
377.5,151,1,54,0,-53,-0.040297598,0.7456748,0.0030624443141064,0.0,99.99999886891146,0.0,0.0031122627270083
378.0,151,1,54,0,-53,-0.040297598,0.7456748,0.0030582270331173,0.0,99.9999979369432,0.0,0.004844052436376
378.5,151,1,54,0,-53,-0.040297598,0.7456748,0.0030539940795377,0.0,99.99999864662018,0.0,0.0039572040954621
379.0,151,1,54,0,-53,-0.040297598,0.7456748,0.0030497592295345,0.0,99.99999834564024,0.0,0.0040630190672593
379.5,150,1,53,0,-52,-0.4545581,0.25028217,0.0030455496682844,0.0,99.99999834150806,0.0,0.0042282529349911
380.0,150,1,53,0,-52,-0.4545581,0.25028217,0.0030413246658544,0.0,99.99999923832236,0.0,0.0025502166872945
380.5,150,1,53,0,-52,-0.4545581,0.25028217,0.0030371113696306,0.0,99.99999923913316,0.0,0.00254802388784
381.0,150,1,53,0,-52,-0.4545581,0.25028217,0.0030329097310287,0.0,99.999999240006,0.0,0.0025458855677573
381.5,150,1,53,0,-52,-0.4545581,0.25028217,0.0030287331128203,0.0,99.99999914625654,0.0,0.0027562943123519
382.0,150,1,53,0,-52,-0.4545581,0.25028217,0.0030245412336944,0.0,99.9999985375243,0.0,0.0033230497926487
382.5,151,1,54,0,-53,-0.30474308,0.24084708,0.0030203876164107,0.0,99.99999858129766,0.0,0.0034540848597216
383.0,152,1,55,0,-54,0.010661855,0.4615107,0.0030162586926899,0.0,99.99999857206777,0.0,0.0034643076010876
383.5,152,1,55,0,-54,0.010661855,0.4615107,0.0030121543068522,0.0,99.99999842107523,0.0,0.0040042938293154
384.0,154,1,57,0,-56,-0.28295776,-0.64821744,0.0030080346187843,0.0,99.99999818451548,0.0,0.0042505829540442
384.5,156,1,58,0,-57,-1.0054837,0.025604978,0.0030038866076722,0.0,99.99999826136118,0.0,0.0041715416943543
385.0,158,1,60,0,-59,-1.1441379,-0.048213318,0.0029997237096583,0.0,99.99999825434053,0.0,0.0042633882214293
385.5,157,1,59,0,-58,-1.0291722,0.08204295,0.0029955460959363,0.0,99.99999825592629,0.0,0.0042616928898232
386.0,158,1,60,0,-59,-0.7982187,0.38682324,0.0029913931845217,0.0,99.9999983045523,0.0,0.0042379261342781
386.5,159,1,61,0,-60,0.09850074,0.7446447,0.0029872648184057,0.0,99.9999983059502,0.0,0.0042366355421381
387.0,159,1,61,0,-60,0.09850074,0.7446447,0.0029831218108072,0.0,99.99999816897432,0.0,0.0044978656049916
387.5,161,1,61,0,-60,0.2099888,-0.27232206,0.0029789902790843,0.0,99.99999817025623,0.0,0.0044969281412235
388.0,158,1,60,0,-59,-0.23620045,0.18930592,0.0029748831140589,0.0,99.99999822760866,0.0,0.0046122912739004
388.5,158,1,60,0,-59,-0.85251987,0.1822738,0.0029708130646282,0.0,99.99999871443576,0.0,0.0037985711422743
389.0,158,1,61,0,-60,0.79145265,-0.52645105,0.002966767004693,0.0,99.99999871430371,0.0,0.0037999190023195
389.5,159,1,62,0,-61,-0.39194146,0.23250003,0.0029627704502631,0.0,99.99999836281891,0.0,0.0041146610812601
390.0,159,1,62,0,-61,0.25811645,-0.82504267,0.0029587974478209,0.0,99.99999836091482,0.0,0.0041183185020062
390.5,157,1,62,0,-61,0.05857542,0.4380241,0.0029547967929223,0.0,99.9999989997752,0.0,0.0032477517746521
391.0,157,1,62,0,-61,0.05857542,0.4380241,0.0029507814825519,0.0,99.99999899127351,0.0,0.0032695986783043
391.5,156,1,62,0,-61,0.63255954,-0.9222433,0.0029467643751696,0.0,99.99999899174313,0.0,0.0032695338304261
392.0,157,1,60,0,-59,-0.4763662,0.4487794,0.0029427328695517,0.0,99.99999842904988,0.0,0.0043717960945414
392.5,157,1,60,0,-59,-0.4763662,0.4487794,0.0029387123799703,0.0,99.99999843069928,0.0,0.0043705080802904
393.0,157,1,60,0,-59,-0.4851263,0.20935264,0.0029347028613352,0.0,99.99999843187744,0.0,0.004369779216673
393.5,156,1,59,0,-58,-0.1260179,-0.10927053,0.0029307042688021,0.0,99.99999826628652,0.0,0.0046765803078558
394.0,155,1,59,0,-58,0.5685841,-0.6502667,0.0029267290807332,0.0,99.99999917441674,0.0,0.00302590835995
394.5,153,1,58,0,-57,0.7108021,-0.795216,0.0029226522642009,0.0,99.99999911034097,0.0,0.0032758788871314
395.0,153,1,58,0,-57,0.7108021,-0.795216,0.0029185867895545,0.0,99.99999911155184,0.0,0.0032737070422427
395.5,155,1,59,0,-58,0.7126154,-0.61433214,0.0029145201907221,0.0,99.99999811934435,0.0,0.0046686705605042
396.0,156,1,60,0,-59,0.3354848,-1.0373522,0.0029104401402457,0.0,99.99999841664764,0.0,0.0041963300602268
396.5,156,1,60,0,-59,0.3354848,-1.0373522,0.0029063838466245,0.0,99.99999911399983,0.0,0.0031676521175677
397.0,155,1,61,0,-60,0.4316474,-1.0332762,0.0029023142137019,0.0,99.9999991015908,0.0,0.003116166285991
397.5,156,1,62,0,-61,0.29822785,-1.0526849,0.0028982436812779,0.0,99.9999989843679,0.0,0.0032905341565124
398.0,156,1,62,0,-61,0.29822785,-1.0526849,0.0028942090431338,0.0,99.999998027532,0.0,0.0045914578216782
398.5,156,1,62,0,-61,0.29822785,-1.0526849,0.0028901978348868,0.0,99.99999819025082,0.0,0.0043702242257352
399.0,156,1,62,0,-61,0.29822785,-1.0526849,0.0028862099084767,0.0,99.9999982894367,0.0,0.0036392618457968
399.5,156,1,62,0,-61,0.29822785,-1.0526849,0.0028821843923815,0.0,99.99999867445317,0.0,0.003068107515624
400.0,156,1,62,0,-61,0.29822785,-1.0526849,0.0028781216469251,0.0,99.9999978665,0.0,0.0042500162764661
400.5,155,1,61,0,-60,-0.42547527,0.14516498,0.0028740582627074,0.0,99.99999786730956,0.0,0.0042486164767798
401.0,155,1,61,0,-60,-0.42547527,0.14516498,0.0028700424632013,0.0,99.99999846364967,0.0,0.0031582900071398
401.5,155,1,61,0,-60,-0.42547527,0.14516498,0.0028660258612742,0.0,99.99999846665564,0.0,0.003153671291844
402.0,156,1,61,0,-60,-0.4640595,0.31920272,0.0028620204860413,0.0,99.9999984697344,0.0,0.0031488570659987
402.5,157,1,62,0,-61,0.24786496,-0.7278047,0.0028580143485691,0.0,99.9999983726317,0.0,0.0033336048474057
403.0,158,1,62,0,-61,0.7608515,-0.87261266,0.002854007502201,0.0,99.99999837489226,0.0,0.0033298035416282
403.5,158,1,62,0,-61,0.7608515,-0.87261266,0.0028500356254453,0.0,99.99999905604312,0.0,0.0027807686043955
404.0,158,1,62,0,-61,0.7608515,-0.87261266,0.0028460747885208,0.0,99.99999905695918,0.0,0.0027793419531089
404.5,158,1,62,0,-61,0.7608515,-0.87261266,0.0028421013267294,0.0,99.99999837378076,0.0,0.0042990472394939
405.0,159,1,62,0,-61,-0.971506,-0.21345855,0.0028381389443284,0.0,99.99999837177988,0.0,0.0043003412008101
405.5,160,1,63,0,-62,-0.69608116,-0.26767242,0.0028342110824283,0.0,99.999998322306,0.0,0.0037877466777089
406.0,161,1,64,0,-63,-0.8076074,0.104070455,0.0028303175003827,0.0,99.9999983215047,0.0,0.0037877551300237
406.5,161,1,64,0,-63,-0.8076074,0.104070455,0.0028264346015099,0.0,99.99999832044789,0.0,0.0037882148037827
407.0,161,1,63,0,-62,-0.66038275,0.32562858,0.0028225856370006,0.0,99.99999850873708,0.0,0.003474796986099
407.5,162,1,64,0,-63,0.4169212,0.8289206,0.0028187587571087,0.0,99.99999802715313,0.0,0.0040407132456812
408.0,162,1,64,0,-63,0.4169212,0.8289206,0.0028149654096721,0.0,99.99999817793432,0.0,0.0039940983448907
408.5,163,1,64,0,-63,-0.03192678,-0.25145125,0.0028111822583164,0.0,99.99999849824302,0.0,0.0030360284837672
409.0,163,1,63,0,-62,-0.0314413,0.04866995,0.0028074668768162,0.0,99.9999985328408,0.0,0.0029020830696747
409.5,165,1,63,0,-62,0.22168854,-0.14890613,0.0028037613031751,0.0,99.99999816116862,0.0,0.0048132146618128
410.0,167,1,64,0,-63,0.35231704,0.7092486,0.0028000654986081,0.0,99.999998855027,0.0,0.004037067292525
410.5,165,1,64,0,-63,0.018543378,0.44370836,0.0027964022894521,0.0,99.99999916922616,0.0,0.0023415630680992
411.0,165,1,64,0,-63,0.018543378,0.44370836,0.0027927258474126,0.0,99.99999864650285,0.0,0.0035454218329562
411.5,165,1,64,0,-63,0.018543378,0.44370836,0.0027890590595488,0.0,99.9999984419874,0.0,0.0039355162030291
412.0,163,1,63,0,-62,-0.043105483,0.42510924,0.0027854018878835,0.0,99.99999843416492,0.0,0.0039438596396306
412.5,163,1,63,0,-62,-0.043105483,0.42510924,0.0027817769210121,0.0,99.9999989449164,0.0,0.003180208177231
413.0,163,1,63,0,-62,-0.043105483,0.42510924,0.0027781613770582,0.0,99.99999894215476,0.0,0.0031830681400992
413.5,163,1,63,0,-62,-0.043105483,0.42510924,0.0027745552193277,0.0,99.99999893958056,0.0,0.0031856097638833
414.0,164,1,63,0,-62,0.011206612,0.28382468,0.0027709920880883,0.0,99.99999874020224,0.0,0.0031757826280796
414.5,166,1,64,0,-63,-0.48775128,-0.10968317,0.0027674828853032,0.0,99.99999724499278,0.0,0.0037450199682906
415.0,166,1,64,0,-63,-0.48775128,-0.10968317,0.002763993728482,0.0,99.99999725854096,0.0,0.0037357190901089
415.5,166,1,64,0,-63,-0.48775128,-0.10968317,0.0027604465143309,0.0,99.9999986552378,0.0,0.0027504511986711
416.0,165,1,65,0,-64,-0.071947426,-0.03032498,0.0027569639539054,0.0,99.99999787082172,0.0,0.0034760636391277
416.5,165,1,65,0,-64,-0.071947426,-0.03032498,0.002753490169557,0.0,99.99999826931692,0.0,0.0033421416854473
417.0,165,1,65,0,-64,-0.071947426,-0.03032498,0.0027500030153541,0.0,99.99999860095797,0.0,0.0031496386348753
417.5,165,1,65,0,-64,-0.071947426,-0.03032498,0.0027465136542685,0.0,99.99999907858556,0.0,0.0025292156766235
418.0,165,1,65,0,-64,-0.071947426,-0.03032498,0.0027430331369631,0.0,99.99999907933866,0.0,0.0025278485302867
418.5,164,1,65,0,-64,-0.045254678,0.07482673,0.0027395724024127,0.0,99.9999975427219,0.0,0.0041554160977201
419.0,163,1,64,0,-63,-0.10856491,-0.12769054,0.0027440768341513,0.0,99.99999852301244,0.0,0.0030374463113996
419.5,162,1,63,0,-62,-0.31157783,-0.38518804,0.0027485588043769,0.0,99.99999819979136,0.0,0.0034549160383482
420.0,161,1,63,0,-62,0.0032021403,0.31064528,0.0027530403140859,0.0,99.99999846122596,0.0,0.0031007218232128
420.5,161,1,63,0,-62,0.5072588,0.6177606,0.0027574994421243,0.0,99.99999846030155,0.0,0.0031019897470568
421.0,161,1,63,0,-62,0.5072588,0.6177606,0.0027619142373893,0.0,99.99999865699324,0.0,0.0029459336268214
421.5,162,1,64,0,-63,0.20546952,-0.31719452,0.0027663176972789,0.0,99.999998602673,0.0,0.0031616169218033
422.0,162,1,64,0,-63,0.20546952,-0.31719452,0.0027747124064179,0.0,99.99999875628993,0.0,0.0029952401699334
422.5,164,1,65,0,-64,-0.04954353,-0.39521813,0.0027869950801409,0.0,99.99999887686438,0.0,0.0030633100871743
423.0,162,1,64,0,-63,0.0050988495,-0.1490707,0.0027991907290169,0.0,99.9999988788541,0.0,0.0030612442446141
423.5,161,1,63,0,-62,-0.2183697,0.45023814,0.0028113545509543,0.0,99.99999888073538,0.0,0.0030593111467218
424.0,160,1,63,0,-62,0.22968322,0.39587823,0.0028234866703786,0.0,99.99999888243156,0.0,0.0030576192491793
424.5,159,1,63,0,-62,0.16796112,0.5485303,0.0028355536625572,0.0,99.9999982680674,0.0,0.0042606144284483
425.0,160,1,64,0,-63,-0.44790557,0.65418476,0.0028476114329826,0.0,99.9999982119884,0.0,0.0043052159826142
425.5,161,1,64,0,-63,-0.15132678,0.4448948,0.0028597277948233,0.0,99.99999898512311,0.0,0.0027445927822146
426.0,160,1,63,0,-62,-0.7198311,0.3105173,0.0028718134067721,0.0,99.99999899816196,0.0,0.0030545046423268
426.5,158,1,61,0,-60,-0.97132695,0.043383747,0.0028838683857399,0.0,99.99999840318068,0.0,0.0041572074138286
427.0,158,1,61,0,-60,-0.97132695,0.043383747,0.0028958474566308,0.0,99.9999985575872,0.0,0.0039732984647083
427.5,158,1,61,0,-60,-0.97132695,0.043383747,0.002907886909421,0.0,99.99999839329514,0.0,0.0040999021231175
428.0,158,1,61,0,-60,-0.97132695,0.043383747,0.0029199648197009,0.0,99.99999820277328,0.0,0.0037772520860532
428.5,157,1,60,0,-59,-1.1973408,0.09754513,0.0029320246586787,0.0,99.99999819790682,0.0,0.0037876796235666
429.0,159,1,60,0,-59,-1.0812936,-0.214446,0.0029479200786112,0.0,99.99999814575776,0.0,0.003897319866852
429.5,159,1,60,0,-59,-1.0812936,-0.214446,0.0029637880404726,0.0,99.99999858401316,0.0,0.0032268594817629
430.0,158,1,60,0,-59,-1.058697,-0.0046878755,0.0029757505504166,0.0,99.99999858372564,0.0,0.0032312845370754
430.5,158,1,60,0,-59,-1.058697,-0.0046878755,0.0029876144151424,0.0,99.99999869973774,0.0,0.0028525690586464
431.0,159,1,61,0,-60,-0.9616382,0.16820219,0.0030033525796237,0.0,99.99999783479322,0.0,0.0047531549633985
431.5,159,1,61,0,-60,-0.9616382,0.16820219,0.0030228691678971,0.0,99.99999896161911,0.0,0.0026300746570271
432.0,159,1,61,0,-60,-0.9616382,0.16820219,0.003034478487715,0.0,99.9999984419447,0.0,0.0034696698275366
432.5,160,1,61,0,-60,-0.91585636,0.09053017,0.0030460463246435,0.0,99.9999984423894,0.0,0.0034691904888053
433.0,160,1,61,0,-60,-0.91585636,0.09053017,0.0030614096382286,0.0,99.99999894389244,0.0,0.0028373935082417
433.5,160,1,61,0,-60,-0.91585636,0.09053017,0.003080576943096,0.0,99.99999894497869,0.0,0.0028362094408003
434.0,161,1,62,0,-61,-0.89429736,0.29716086,0.0030996946511977,0.0,99.99999894621683,0.0,0.0028348866441636
434.5,161,1,62,0,-61,-0.89429736,0.29716086,0.0031187869418582,0.0,99.9999988847743,0.0,0.0031406150584248
435.0,160,1,61,0,-60,-0.74994636,-0.22228841,0.0031378061473347,0.0,99.99999904754104,0.0,0.002654095239838
435.5,160,1,61,0,-60,-0.74994636,-0.22228841,0.003156788437639,0.0,99.99999890978876,0.0,0.0029790448144441
436.0,161,1,62,0,-61,-0.89429736,0.29716086,0.0031757341730449,0.0,99.9999989095215,0.0,0.002978501548397
436.5,160,1,61,0,-60,-0.27265307,0.5219526,0.0031946559336429,0.0,99.99999868740952,0.0,0.0039505023094838
437.0,160,1,61,0,-60,-0.27265307,0.5219526,0.0032135419651898,0.0,99.99999889151124,0.0,0.0038156503269819
437.5,160,1,60,0,-59,-1.1750612,-0.109507784,0.0032323432771457,0.0,99.9999986287938,0.0,0.0035168787313666
438.0,159,1,59,0,-58,-1.1289463,0.1437916,0.0032510967210802,0.0,99.99999863121062,0.0,0.0035114209321924
438.5,159,1,58,0,-57,-0.981027,0.05253406,0.0032698024795684,0.0,99.99999907533204,0.0,0.0030720370760455
439.0,159,1,58,0,-57,-0.981027,0.05253406,0.0032884607342581,0.0,99.99999906799746,0.0,0.0030870100932909
439.5,160,1,57,0,-56,-0.25709173,0.29609042,0.0032994654030739,0.0,99.99999828665518,0.0,0.0043078632850402
440.0,160,1,57,0,-56,-0.25709173,0.29609042,0.0033104295595194,0.0,99.99999916917864,0.0,0.0027094952888888
440.5,162,1,59,0,-58,-0.1931918,-0.36056572,0.0033213406551789,0.0,99.99999902843116,0.0,0.0029517846659291
441.0,164,1,61,0,-60,-0.0028539002,-0.7315284,0.0033246466380976,0.0,99.99999919003238,0.0,0.0026740467120294
441.5,165,1,62,0,-61,0.079337835,-0.87892896,0.0033279692965556,0.0,99.99999898876374,0.0,0.0030183780220081
442.0,166,1,62,0,-61,0.6138617,-0.46721643,0.0033312835061853,0.0,99.99999862237952,0.0,0.0039118640728701
442.5,166,1,62,0,-61,0.6138617,-0.46721643,0.003334589299171,0.0,99.99999895639662,0.0,0.0036444231938346
443.0,166,1,62,0,-61,0.6138617,-0.46721643,0.0033341110417027,0.0,99.99999897116538,0.0,0.0037010345283406
443.5,165,1,61,0,-60,-0.13680294,-0.3814398,0.0033299007043153,0.0,99.99999855333564,0.0,0.0042924833895014
444.0,164,1,61,0,-60,-0.28286818,0.70873,0.003325713470641,0.0,99.99999841065528,0.0,0.0044978084498422
444.5,164,1,61,0,-60,-0.28286818,0.70873,0.0033215118502245,0.0,99.9999985554507,0.0,0.0038021113979005
445.0,164,1,61,0,-60,-0.20823851,0.30248815,0.0033173332534577,0.0,99.99999827738976,0.0,0.0042353038118998
445.5,164,1,61,0,-60,-0.20823851,0.30248815,0.0033131403784309,0.0,99.9999992054623,0.0,0.0026081330146433
446.0,162,1,59,0,-58,-0.63115776,0.1303335,0.0033089828052405,0.0,99.99999820773428,0.0,0.0039858121510766
446.5,162,1,59,0,-58,-0.63115776,0.1303335,0.0033048849631464,0.0,99.99999882201392,0.0,0.0030968066999221
447.0,161,1,59,0,-58,-0.40242139,0.08094339,0.0033007849609382,0.0,99.99999884631134,0.0,0.0031625369843391
447.5,161,1,59,0,-58,-0.40242139,0.08094339,0.0032966951189563,0.0,99.99999814773405,0.0,0.0043045514465621
448.0,160,1,59,0,-58,-0.59011793,-0.10557191,0.0032926276357744,0.0,99.99999816309013,0.0,0.0042862369220119
448.5,160,1,59,0,-58,-0.11804795,0.19356427,0.0032885945897793,0.0,99.99999912117906,0.0,0.0029105752209611
449.0,159,1,58,0,-57,-0.39787844,-0.027557269,0.0032845714116242,0.0,99.99999796477567,0.0,0.0039140059808344
449.5,159,1,58,0,-57,-0.39787844,-0.027557269,0.0032805580651372,0.0,99.99999898184366,0.0,0.0028371530127483
450.0,159,1,58,0,-57,0.29031006,-0.9082138,0.0032765302801692,0.0,99.99999839423006,0.0,0.0038252126442047
450.5,160,1,59,0,-58,-0.34971574,-0.5991917,0.0032725002862514,0.0,99.99999898429284,0.0,0.0036188072461525
451.0,159,1,58,0,-57,-0.3881003,-0.3785317,0.0032683957931393,0.0,99.99999872029892,0.0,0.0041958291712997
451.5,159,1,58,0,-57,-0.3881003,-0.3785317,0.0032642775299071,0.0,99.99999906655674,0.0,0.0031074251965877
452.0,159,1,58,0,-57,-0.3881003,-0.3785317,0.0032601456394632,0.0,99.99999900541256,0.0,0.0037692770888957
452.5,160,1,60,0,-59,0.65686154,-0.566209,0.0032560241960082,0.0,99.99999899766392,0.0,0.0037896163181147
453.0,158,1,60,0,-59,-0.47948077,0.4782192,0.0032519131599713,0.0,99.99999899375848,0.0,0.003803174757248
453.5,156,1,60,0,-59,-0.38407055,0.28936017,0.0032478124919812,0.0,99.9999989973297,0.0,0.003803247391422
454.0,155,1,59,0,-58,-0.2938424,0.5766036,0.0032437221528649,0.0,99.9999990105416,0.0,0.0037859358408932
454.5,154,1,58,0,-57,-0.3141763,0.46443135,0.0032396421036466,0.0,99.9999990315238,0.0,0.003754270130831
455.0,156,1,60,0,-59,-0.22674337,0.49890274,0.0032355841215352,0.0,99.99999912359216,0.0,0.0029833612558266
455.5,156,1,60,0,-59,-0.22674337,0.49890274,0.0032315952262846,0.0,99.99999928841186,0.0,0.0022324507691792
456.0,154,1,59,0,-58,-0.93171537,-0.09230499,0.0032276279120598,0.0,99.99999882931996,0.0,0.004062446336779
456.5,154,1,59,0,-58,-0.93171537,-0.09230499,0.0032236820561706,0.0,99.99999860763246,0.0,0.0045653824744527
457.0,155,1,60,0,-59,-0.72022545,-0.1886401,0.0032197692377577,0.0,99.99999860902072,0.0,0.0045623958808808
457.5,155,1,60,0,-59,0.36180443,0.14104688,0.0032158659063769,0.0,99.9999986106922,0.0,0.004558764396426
458.0,157,1,60,0,-59,0.037638918,0.081982285,0.0032119720275664,0.0,99.99999861258392,0.0,0.0045546891407169
458.5,158,1,61,0,-60,0.7390133,-0.524626,0.0032080875670312,0.0,99.99999861455224,0.0,0.0045504756439969
459.0,153,2,58,0,-56,-0.22174782,0.5975557,0.0032042240786951,0.0,99.99999888899006,0.0,0.0039025161063336
459.5,153,2,58,0,-56,-0.22174782,0.5975557,0.0032003583245437,0.0,99.9999990177326,0.0,0.0035461361580768
460.0,155,2,58,0,-56,-0.13002998,0.13300969,0.0031965018868741,0.0,99.9999991837766,0.0,0.0027099043037897
460.5,155,2,58,0,-56,-0.13002998,0.13300969,0.0031926547320476,0.0,99.99999916910689,0.0,0.0027313294012253
461.0,154,2,59,0,-57,0.09660999,-0.019469693,0.0031888627349356,0.0,99.9999984631438,0.0,0.0042492749061168
461.5,152,2,58,0,-56,0.30423096,0.063838914,0.0031850797348403,0.0,99.99999845195372,0.0,0.004263211886534
462.0,152,2,58,0,-56,0.30423096,0.063838914,0.0031813171227392,0.0,99.9999991741456,0.0,0.0030868845112772
462.5,156,1,61,0,-60,0.25120977,-0.6433442,0.00317755199386,0.0,99.99999915562378,0.0,0.0031168326475195
463.0,158,1,61,0,-60,0.0284715,0.13314424,0.0031737502910465,0.0,99.99999875834276,0.0,0.0032256171809798
463.5,158,1,61,0,-60,0.0284715,0.13314424,0.0031699576742671,0.0,99.9999987543234,0.0,0.0032375247116288
464.0,158,1,61,0,-60,0.0284715,0.13314424,0.0031662080548904,0.0,99.99999891422507,0.0,0.0036565426144758
464.5,158,1,61,0,-60,-0.20932245,0.4294766,0.0031624898718227,0.0,99.9999988982688,0.0,0.0035460389931929
465.0,158,1,61,0,-60,-0.20932245,0.4294766,0.0031587916730543,0.0,99.99999889978062,0.0,0.0035407350764017
465.5,159,1,62,0,-61,0.08048195,0.43878645,0.003155102113491,0.0,99.99999890209844,0.0,0.0035347336293252
466.0,159,1,62,0,-61,0.08048195,0.43878645,0.0031514323722531,0.0,99.9999985966087,0.0,0.0039584438236984
466.5,158,1,61,0,-60,-0.7775067,0.05183339,0.0031477823411542,0.0,99.99999860052324,0.0,0.0039551578136218
467.0,158,1,61,0,-60,-0.7775067,0.05183339,0.0031441407553035,0.0,99.9999991958849,0.0,0.0023085388986368
467.5,160,1,63,0,-62,-0.86522865,-0.11777319,0.0031404853219529,0.0,99.9999993235542,0.0,0.0028768053967814
468.0,160,1,64,0,-63,-0.9725642,0.23572844,0.0031368828023763,0.0,99.99999952730737,0.0,0.0021633389904131
468.5,161,1,65,0,-64,0.043493807,0.80999005,0.003133288538388,0.0,99.99999953164898,0.0,0.0021294214168211
469.0,161,1,65,0,-64,0.043493807,0.80999005,0.0031296914463342,0.0,99.99999844755833,0.0,0.0032521535323337
469.5,161,1,65,0,-64,0.043493807,0.80999005,0.0031260915740188,0.0,99.99999844899796,0.0,0.0032514016141044
470.0,160,1,64,0,-63,0.004631698,0.37909868,0.003122499973568,0.0,99.9999984499081,0.0,0.003249278638143
470.5,161,1,65,0,-64,-0.10136071,-0.149891,0.0031189385752153,0.0,99.99999885793244,0.0,0.0037255193879146
471.0,161,1,66,0,-65,0.4118607,-0.5288483,0.0031153852915838,0.0,99.99999885329947,0.0,0.003739423337132
471.5,157,1,64,0,-63,0.84984756,-0.7080899,0.0031118291654959,0.0,99.99999892948878,0.0,0.003519636193017
472.0,157,1,64,0,-63,0.84984756,-0.7080899,0.0031082811485905,0.0,99.99999818908822,0.0,0.0046901326535575
472.5,157,1,64,0,-63,0.84984756,-0.7080899,0.0031047412131618,0.0,99.99999810626753,0.0,0.0049056479112707
473.0,157,1,64,0,-63,0.84984756,-0.7080899,0.0031011984767025,0.0,99.99999809991108,0.0,0.0049143444329303
473.5,156,1,63,0,-62,0.9537455,-0.3851756,0.00309766381607,0.0,99.99999809264251,0.0,0.0049242440530313
474.0,160,1,65,0,-64,-0.055791914,-0.073968574,0.0030941372036822,0.0,99.99999808430098,0.0,0.0049356251526415
474.5,160,1,65,0,-64,-0.055791914,-0.073968574,0.003090618612082,0.0,99.99999807522086,0.0,0.0049480434873754
475.0,160,1,65,0,-64,-0.055791914,-0.073968574,0.0030871187704486,0.0,99.9999983324591,0.0,0.0046571633693742
475.5,160,1,65,0,-64,0.13748726,-0.553752,0.0030836375786136,0.0,99.99999832352796,0.0,0.0046698997490978
476.0,159,1,64,0,-63,0.24775003,-1.0475738,0.0030801642290724,0.0,99.99999831595076,0.0,0.0046806281169671
476.5,158,1,64,0,-63,-0.37132517,0.5836804,0.0030766986953547,0.0,99.9999983099114,0.0,0.0046890751220601
477.0,157,1,63,0,-62,0.087395355,-0.95961374,0.0030732196311442,0.0,99.99999846256462,0.0,0.0038253500148943
477.5,157,1,63,0,-62,0.087395355,-0.95961374,0.0030697377903431,0.0,99.99999926946336,0.0,0.0020600260134998
478.0,157,1,63,0,-62,0.087395355,-0.95961374,0.0030662532185276,0.0,99.99999926884745,0.0,0.0020612540907927
478.5,157,1,63,0,-62,0.087395355,-0.95961374,0.0030627659611243,0.0,99.99999902526598,0.0,0.0035539969881263
479.0,158,1,64,0,-63,-0.13003603,0.37739405,0.0030592760634091,0.0,99.99999902377628,0.0,0.0035562337795779
479.5,156,1,62,0,-61,-0.1142315,-1.0619565,0.0030557835705072,0.0,99.99999920064226,0.0,0.0030981481818994
480.0,157,1,62,0,-61,-0.56398857,-0.9671046,0.0030522780122297,0.0,99.99999930083092,0.0,0.0025380768045917
480.5,157,1,62,0,-61,-0.56398857,-0.9671046,0.0030487699967998,0.0,99.99999930114797,0.0,0.0025380512889725
481.0,157,1,62,0,-61,-0.4988753,0.30076563,0.0030452700357114,0.0,99.99999930190022,0.0,0.0025372796107578
481.5,157,1,62,0,-61,-0.4988753,0.30076563,0.0030417676583882,0.0,99.9999985206205,0.0,0.0037101001089413
482.0,157,1,62,0,-61,-0.4988753,0.30076563,0.0030382524904411,0.0,99.99999943859702,0.0,0.0022147491175286
482.5,156,1,61,0,-60,-0.10181281,-0.92041236,0.0030347558323143,0.0,99.99999935416656,0.0,0.0025812641581228
483.0,152,1,59,0,-58,1.0237733,-0.63014746,0.0030381305917169,0.0,99.99999871200446,0.0,0.0035830772573154
483.5,153,1,60,0,-59,-0.4439222,0.6978123,0.0030415184353608,0.0,99.9999987287197,0.0,0.0035660272472188
484.0,155,1,61,0,-60,-0.20080039,-1.1284713,0.0030448466312117,0.0,99.9999990215996,0.0,0.0026427682248327
484.5,155,1,61,0,-60,-0.20080039,-1.1284713,0.0030481567857288,0.0,99.99999902768508,0.0,0.0028203720959371
485.0,155,1,61,0,-60,-0.20080039,-1.1284713,0.0030514801040772,0.0,99.99999902389982,0.0,0.0028265506330303
485.5,154,1,60,0,-59,0.11885418,-0.88422483,0.0030548062171089,0.0,99.99999884945127,0.0,0.0030812791039381
486.0,153,1,59,0,-58,-0.092611015,-0.875282,0.0030581143666815,0.0,99.99999861035504,0.0,0.0034445124280481
486.5,157,1,61,0,-60,0.17098302,-1.0556701,0.0030614669246173,0.0,99.99999906844776,0.0,0.0032528599139728
487.0,156,1,61,0,-60,-0.0064656734,0.71565074,0.0030648015676595,0.0,99.99999889716258,0.0,0.0033207349205211
487.5,156,1,61,0,-60,-0.0064656734,0.71565074,0.0030681391025185,0.0,99.99999879294498,0.0,0.0033434949875226
488.0,156,1,61,0,-60,-0.0064656734,0.71565074,0.00307147955335,0.0,99.9999987764563,0.0,0.0034515437874441
488.5,157,1,61,0,-60,-1.0848147,-0.01032345,0.0030748125546961,0.0,99.9999987717049,0.0,0.0034577241367905
489.0,157,1,61,0,-60,-1.0848147,-0.01032345,0.0030815028823696,0.0,99.99999903361096,0.0,0.0031457905750785
489.5,158,1,62,0,-61,-0.8828174,0.4666558,0.0030915496519056,0.0,99.9999991037882,0.0,0.0029028655315187
490.0,158,1,62,0,-61,-0.8828174,0.4666558,0.0030948075258714,0.0,99.99999918353974,0.0,0.0025653867172459
490.5,158,1,62,0,-61,-0.8828174,0.4666558,0.0030980789219627,0.0,99.9999991077851,0.0,0.0026157141366782
491.0,158,1,62,0,-61,-0.8828174,0.4666558,0.0031013638608787,0.0,99.99999929219136,0.0,0.0023076626906121
491.5,157,1,62,0,-61,-0.59304225,0.04795046,0.0031046206824795,0.0,99.9999989683173,0.0,0.0029759321695884
492.0,157,1,62,0,-61,-0.59304225,0.04795046,0.0031078702539602,0.0,99.99999934623938,0.0,0.0022780165373097
492.5,157,1,62,0,-61,-0.59304225,0.04795046,0.0031111125995036,0.0,99.9999993537444,0.0,0.0022637517923084
493.0,157,1,62,0,-61,-0.59304225,0.04795046,0.0031143373252157,0.0,99.9999985411302,0.0,0.0037104090753093
493.5,157,1,62,0,-61,-0.59304225,0.04795046,0.0031175757089728,0.0,99.99999848301673,0.0,0.0036956432100928
494.0,157,1,62,0,-61,-0.59304225,0.04795046,0.003120796520729,0.0,99.99999840340578,0.0,0.0043107083710033
494.5,157,1,62,0,-61,-0.59304225,0.04795046,0.0031240102022104,0.0,99.9999987527504,0.0,0.0038620582325438
495.0,153,1,59,0,-58,-0.91908,0.20836698,0.0031272376067806,0.0,99.9999987455252,0.0,0.0041123107636411
495.5,154,1,60,0,-59,-0.7972108,0.23360859,0.0031304683393547,0.0,99.99999911695124,0.0,0.0030184212912726
496.0,154,1,61,0,-60,-0.574069,0.07466701,0.0031336815940237,0.0,99.9999991181457,0.0,0.0030162598031048
496.5,154,1,61,0,-60,-0.574069,0.07466701,0.0031368878089585,0.0,99.9999991196161,0.0,0.0030135588460035
497.0,155,1,62,0,-61,-0.7627801,0.3712904,0.0031334449657642,0.0,99.99999845530346,0.0,0.0031603258769309
497.5,156,1,63,0,-62,-0.30276576,0.56305397,0.0031299993044445,0.0,99.99999843922085,0.0,0.003179578754995
498.0,156,1,63,0,-62,-0.30276576,0.56305397,0.0031265612127748,0.0,99.99999842567227,0.0,0.0031959642615083
498.5,160,1,66,0,-65,0.03983584,0.75284445,0.0031231306658382,0.0,99.9999984138406,0.0,0.0032102376382402
499.0,160,1,66,0,-65,0.03983584,0.75284445,0.0031197076388269,0.0,99.99999937119873,0.0,0.0024298972333065
499.5,160,1,65,0,-64,-0.08185503,0.4492275,0.0031162921070421,0.0,99.99999844134454,0.0,0.0045055779224802
500.0,160,1,65,0,-64,-0.08185503,0.4492275,0.0031128840458928,0.0,99.99999940883204,0.0,0.0022519535162316
500.5,161,1,66,0,-65,-0.22673675,-0.11373122,0.0031095038942834,0.0,99.99999833314548,0.0,0.0046255607958425
501.0,160,1,65,0,-64,-0.2868016,0.0482817,0.0031061310754444,0.0,99.99999832100578,0.0,0.0046418208254402
501.5,160,1,65,0,-64,-0.2868016,0.0482817,0.0031027655655405,0.0,99.99999830916605,0.0,0.0046576576145031
502.0,160,1,65,0,-64,-0.2868016,0.0482817,0.0030993971754488,0.0,99.9999987014091,0.0,0.0037182259946026
502.5,161,1,64,0,-63,-0.15560916,0.6213974,0.0030960158044235,0.0,99.99999854997124,0.0,0.0038313738008338
503.0,161,1,64,0,-63,-0.15560916,0.6213974,0.0030926418033537,0.0,99.99999829341569,0.0,0.0041987159271534
503.5,160,1,63,0,-62,-0.39924935,-0.19183843,0.0030892751481707,0.0,99.999999165919,0.0,0.0029932002421987
504.0,160,1,63,0,-62,-0.39924935,-0.19183843,0.0030859359692777,0.0,99.9999990414454,0.0,0.003057675166847
504.5,158,1,62,0,-61,-0.23635724,0.31684178,0.0030826040011873,0.0,99.99999895016715,0.0,0.0031877402410276
505.0,158,1,62,0,-61,-0.23635724,0.31684178,0.0030793093223238,0.0,99.9999987293246,0.0,0.0036683303322311
505.5,158,1,62,0,-61,-0.23635724,0.31684178,0.0030760216786289,0.0,99.99999872640902,0.0,0.0036726207490027
506.0,158,1,62,0,-61,-0.23635724,0.31684178,0.0030727510388824,0.0,99.9999989046281,0.0,0.0033413270672124
506.5,153,1,60,0,-59,-0.8889357,-0.6126143,0.0030694574368568,0.0,99.9999988814528,0.0,0.0034758439250792
507.0,152,1,59,0,-58,0.29519373,-0.92102164,0.0030661907852044,0.0,99.99999896229346,0.0,0.0034626552634504
507.5,152,1,59,0,-58,0.29519373,-0.92102164,0.0030629410067838,0.0,99.99999900108688,0.0,0.0032783610011994
508.0,153,1,60,0,-59,-0.7233925,0.24199218,0.0030596683902258,0.0,99.99999866033282,0.0,0.0040680075363672
508.5,154,1,61,0,-60,-0.1835953,0.71763986,0.003056402759495,0.0,99.99999849237192,0.0,0.0045521990286853
509.0,154,1,61,0,-60,-0.1835953,0.71763986,0.0030531342280578,0.0,99.99999912042291,0.0,0.0036188305131539
509.5,155,1,62,0,-61,-0.28947738,0.6118455,0.0030498431509236,0.0,99.99999857349964,0.0,0.0046928300219427
510.0,155,1,62,0,-61,-0.28947738,0.6118455,0.0030465591612774,0.0,99.99999858027329,0.0,0.0046817482462983
510.5,154,1,62,0,-61,-0.4197587,0.48200893,0.0030432724356806,0.0,99.99999867371793,0.0,0.0037697795239206
511.0,154,1,62,0,-61,-0.4197587,0.48200893,0.0030400221326479,0.0,99.99999903328316,0.0,0.0026817545358236
511.5,157,1,64,0,-63,-0.86062217,0.0050380677,0.0030367787650433,0.0,99.99999914890996,0.0,0.0031094592704736
512.0,157,1,64,0,-63,-0.86062217,0.0050380677,0.0030335228348832,0.0,99.99999824859292,0.0,0.0044955180078349
512.5,157,1,64,0,-63,-0.86062217,0.0050380677,0.0030302544451748,0.0,99.99999900757194,0.0,0.0031329573524938
513.0,157,1,64,0,-63,-0.86062217,0.0050380677,0.0030269833948339,0.0,99.999999130985,0.0,0.0031114291628089
513.5,157,1,64,0,-63,-0.86062217,0.0050380677,0.0030237000489551,0.0,99.9999990895706,0.0,0.0031408627305696
514.0,156,1,63,0,-62,0.10838768,0.6149317,0.0030204238181992,0.0,99.9999994724993,0.0,0.0020630214321439
514.5,156,1,63,0,-62,0.10838768,0.6149317,0.0030171643125335,0.0,99.99999947154056,0.0,0.0020628037427322
515.0,156,1,63,0,-62,0.10838768,0.6149317,0.0030139214466822,0.0,99.99999943840898,0.0,0.0021816725708772
515.5,157,1,63,0,-62,-0.7755151,0.24267711,0.0030106855442491,0.0,99.99999875049708,0.0,0.0033554327916572
516.0,157,1,63,0,-62,-0.7755151,0.24267711,0.0030074661540713,0.0,99.9999991648632,0.0,0.002844860415362
516.5,157,1,63,0,-62,-0.7755151,0.24267711,0.003004253641664,0.0,99.9999991637568,0.0,0.0028475730854373
517.0,157,1,63,0,-62,-0.7755151,0.24267711,0.0030010479850106,0.0,99.99999874197988,0.0,0.003275895761671
517.5,158,1,64,0,-63,-0.8274231,0.04261683,0.002997820631985,0.0,99.99999901771557,0.0,0.0028474273762298
518.0,158,1,64,0,-63,-0.8274231,0.04261683,0.0029946097025354,0.0,99.99999903200232,0.0,0.002998958071887
518.5,158,1,64,0,-63,-0.8274231,0.04261683,0.0029914435218628,0.0,99.99999867485607,0.0,0.0041907175175787
519.0,158,1,64,0,-63,-0.8274231,0.04261683,0.002988284029282,0.0,99.99999867339103,0.0,0.0041930570998991
519.5,157,1,63,0,-62,-0.6429881,-0.3830707,0.0029851217740152,0.0,99.99999865248446,0.0,0.0041703556786343
520.0,153,1,60,0,-59,0.15054277,-0.9416726,0.002981975614066,0.0,99.99999866728764,0.0,0.0041507201875021
520.5,152,1,60,0,-59,0.13350056,-1.022708,0.0029788079094442,0.0,99.9999988955837,0.0,0.0032835438148732
521.0,152,1,60,0,-59,0.13350056,-1.022708,0.0029756562975278,0.0,99.99999921068309,0.0,0.0028849922898051
521.5,153,1,61,0,-60,-1.2456203,0.13278067,0.0029725113474441,0.0,99.9999990770958,0.0,0.0033348470287031
522.0,157,1,64,0,-63,-0.73949945,0.5856376,0.0029693730380928,0.0,99.9999990826621,0.0,0.0033278124831964
522.5,157,1,64,0,-63,-0.73949945,0.5856376,0.0029662320378171,0.0,99.99999897421084,0.0,0.0033171676279932
523.0,157,1,64,0,-63,-0.73949945,0.5856376,0.0029630883846935,0.0,99.99999897732394,0.0,0.0033138959587294
523.5,157,1,64,0,-63,-0.73949945,0.5856376,0.0029599328455447,0.0,99.9999986922954,0.0,0.0040483902003076
524.0,157,1,64,0,-63,-0.73949945,0.5856376,0.0029568025231381,0.0,99.99999914914972,0.0,0.0032342021523716
524.5,157,1,64,0,-63,-0.73949945,0.5856376,0.0029536788147777,0.0,99.99999839110198,0.0,0.0045642324708732
525.0,157,1,64,0,-63,-0.73949945,0.5856376,0.0029505340622765,0.0,99.99999864302768,0.0,0.0042596059979581
525.5,157,1,64,0,-63,-0.73949945,0.5856376,0.0029473868063114,0.0,99.99999864835708,0.0,0.0042495860204448
526.0,157,1,64,0,-63,-0.73949945,0.5856376,0.00294424625738,0.0,99.9999986536047,0.0,0.0042398584900298
526.5,157,1,64,0,-63,-0.73949945,0.5856376,0.0029411581627254,0.0,99.9999988645861,0.0,0.0034113242565904
527.0,156,1,63,0,-62,-0.7354883,0.20413464,0.002938094808744,0.0,99.99999861453314,0.0,0.0038927985270832
527.5,156,1,63,0,-62,-0.7354883,0.20413464,0.0029350378293764,0.0,99.9999984251522,0.0,0.0038467259455977
528.0,155,1,62,0,-61,-0.77409816,0.34968418,0.0029319690111042,0.0,99.9999987987744,0.0,0.002998928840532
528.5,156,1,63,0,-62,-0.024391934,0.31599575,0.0029288975257789,0.0,99.99999880090206,0.0,0.0029962309199401
529.0,156,1,63,0,-62,-0.024391934,0.31599575,0.0029258596454291,0.0,99.99999876002438,0.0,0.0031091014723824
529.5,156,1,63,0,-62,-0.024391934,0.31599575,0.0029228461407605,0.0,99.9999991223206,0.0,0.0025273501252209
530.0,157,1,63,0,-62,-0.2579199,0.30793422,0.0029198478589327,0.0,99.99999889479666,0.0,0.003064588286423
530.5,157,1,63,0,-62,-0.2579199,0.30793422,0.0029168557221301,0.0,99.99999889630196,0.0,0.0030627544212584
531.0,157,1,63,0,-62,-0.2579199,0.30793422,0.0029138697114806,0.0,99.99999809632814,0.0,0.0038210025825306
531.5,153,1,60,0,-59,-1.1026518,0.35765088,0.0029170144803432,0.0,99.99999908763807,0.0,0.0027846708167151
532.0,154,1,61,0,-60,-1.051996,0.24474488,0.0029263069145155,0.0,99.99999870725622,0.0,0.0037128670327853
532.5,154,1,61,0,-60,-1.051996,0.24474488,0.0029233923647508,0.0,99.9999989996632,0.0,0.0029132055117964
533.0,157,1,63,0,-62,-0.93144226,0.113668814,0.0029204925836071,0.0,99.99999888788236,0.0,0.0031468062714038
533.5,157,1,63,0,-62,-0.93144226,0.113668814,0.0029176075004908,0.0,99.99999878127906,0.0,0.0034983270209879
534.0,158,1,64,0,-63,-0.85547376,0.37022132,0.0029147459788152,0.0,99.9999986347302,0.0,0.0031719490131426
534.5,158,1,64,0,-63,-0.85547376,0.37022132,0.0029118989806822,0.0,99.9999986690526,0.0,0.0032076772909551
535.0,158,1,64,0,-63,-0.85547376,0.37022132,0.0029090486401497,0.0,99.9999984083004,0.0,0.0036606474032413
535.5,158,1,64,0,-63,-0.85547376,0.37022132,0.0029061861120363,0.0,99.99999907386848,0.0,0.0027119276135715
536.0,158,1,64,0,-63,-0.85547376,0.37022132,0.0029033114847186,0.0,99.99999907535552,0.0,0.0027098710883867
536.5,157,1,63,0,-62,-0.93144226,0.113668814,0.0029004779231236,0.0,99.99999851114262,0.0,0.0036415493646556
537.0,157,1,63,0,-62,-0.93144226,0.113668814,0.0028976322292267,0.0,99.99999887937751,0.0,0.003028041969266
537.5,157,1,63,0,-62,-0.93144226,0.113668814,0.0028948097370319,0.0,99.99999899377735,0.0,0.0027686135003557
538.0,157,1,63,0,-62,-0.93144226,0.113668814,0.002892010327305,0.0,99.99999863643518,0.0,0.0034019756737333
538.5,157,1,63,0,-62,-0.93144226,0.113668814,0.0028892514377899,0.0,99.9999991501679,0.0,0.0027318149252024
539.0,159,1,65,0,-64,-0.72452366,0.18278132,0.0028864715237898,0.0,99.99999824378912,0.0,0.0034593919066383
539.5,159,1,65,0,-64,-0.72452366,0.18278132,0.002883670721797,0.0,99.99999843806988,0.0,0.003475045791414
540.0,159,1,65,0,-64,-0.72452366,0.18278132,0.0028808578958528,0.0,99.99999894280695,0.0,0.0028464122359315
540.5,159,1,65,0,-64,-0.72452366,0.18278132,0.0028780505520046,0.0,99.99999838734468,0.0,0.0041557008100007
541.0,159,1,65,0,-64,-0.72452366,0.18278132,0.0028752486742412,0.0,99.99999838536988,0.0,0.0041603187549531
541.5,159,1,65,0,-64,-0.72452366,0.18278132,0.0028724262185158,0.0,99.99999826448926,0.0,0.0040022142618078
542.0,159,1,65,0,-64,-0.72452366,0.18278132,0.0028695660045442,0.0,99.99999858219488,0.0,0.0037197323671787
542.5,159,1,65,0,-64,-0.07292125,0.53250825,0.0028667028395731,0.0,99.99999925178024,0.0,0.0024764126329751
543.0,159,1,65,0,-64,-0.07292125,0.53250825,0.0028638367582933,0.0,99.9999991669391,0.0,0.0026374611225491
543.5,159,1,65,0,-64,-0.07292125,0.53250825,0.0028609764022093,0.0,99.999999169305,0.0,0.0026340482878092
544.0,160,1,66,0,-65,0.17616853,-0.81158704,0.0028581217541834,0.0,99.99999917208098,0.0,0.0026299446469231
544.5,159,1,66,0,-65,0.27900714,-0.79694825,0.0028552727971465,0.0,99.99999877506612,0.0,0.0032104963651759
545.0,160,1,67,0,-66,0.29470682,-0.56481427,0.0028524380697002,0.0,99.99999868511952,0.0,0.0032947622048114
545.5,161,1,68,0,-67,-0.14768049,-1.0502926,0.0028496089653312,0.0,99.99999884266614,0.0,0.0030722350569928
546.0,160,1,67,0,-66,0.52307653,-0.67667025,0.00284676842392,0.0,99.99999839758118,0.0,0.0036019834020325
546.5,160,1,67,0,-66,0.52307653,-0.67667025,0.0028439335398748,0.0,99.99999933372844,0.0,0.0020431349485338
547.0,161,1,67,0,-66,0.5740942,-0.3072437,0.0028411297598632,0.0,99.99999843485108,0.0,0.0037399709968604
547.5,161,1,67,0,-66,0.5740942,-0.3072437,0.0028383315027935,0.0,99.99999900518996,0.0,0.0030479256099622
548.0,160,1,66,0,-65,0.48833147,-0.16898583,0.002835530297835,0.0,99.99999886696406,0.0,0.0027720168189121
548.5,160,1,66,0,-65,0.48833147,-0.16898583,0.0028327430544178,0.0,99.99999854030352,0.0,0.0039798498829131
549.0,160,1,66,0,-65,0.48833147,-0.16898583,0.0028299276002749,0.0,99.99999865273004,0.0,0.0033282121272508
549.5,160,1,66,0,-65,0.48833147,-0.16898583,0.0028271261415525,0.0,99.9999981841299,0.0,0.0036995732084142
550.0,160,1,66,0,-65,0.48833147,-0.16898583,0.0028243386117677,0.0,99.99999828460096,0.0,0.00312259351405
550.5,159,1,66,0,-65,-0.071665585,-0.7501622,0.0028215482021901,0.0,99.99999894832374,0.0,0.0024591639310208
551.0,159,1,66,0,-65,-0.071665585,-0.7501622,0.0028187633009467,0.0,99.99999900857362,0.0,0.0025167833618568
551.5,159,1,66,0,-65,-0.071665585,-0.7501622,0.0028160089069976,0.0,99.99999816595368,0.0,0.0035310608457009
552.0,159,1,66,0,-65,-0.071665585,-0.7501622,0.0028132432464412,0.0,99.9999981506322,0.0,0.0036969146122775
552.5,159,1,66,0,-65,-0.071665585,-0.7501622,0.0028104747072052,0.0,99.99999902240047,0.0,0.0025769503919743
553.0,160,1,67,0,-66,-0.035577,-0.21010067,0.0028136163679844,0.0,99.99999893505314,0.0,0.0031487318356734
553.5,161,1,68,0,-67,0.48526028,-0.747161,0.0028167601654072,0.0,99.99999900843255,0.0,0.0029532512216786
554.0,161,1,68,0,-67,0.48526028,-0.747161,0.0028198895027624,0.0,99.99999893192856,0.0,0.003140842193745
554.5,161,1,68,0,-67,0.48526028,-0.747161,0.0028230210151689,0.0,99.9999983252852,0.0,0.0036457230986948
555.0,162,1,69,0,-68,0.5562587,-0.36932248,0.0028261297902311,0.0,99.9999983311335,0.0,0.0036392590557011
555.5,162,1,69,0,-68,0.5562587,-0.36932248,0.0028292407763225,0.0,99.99999907575268,0.0,0.0029854921723271
556.0,162,1,69,0,-68,0.5562587,-0.36932248,0.0028323539943529,0.0,99.99999907613834,0.0,0.0029836527082836
556.5,163,1,70,0,-69,-0.24224174,0.5763172,0.0028325289263952,0.0,99.99999907857816,0.0,0.0029786922294486
557.0,163,1,70,0,-69,-0.24224174,0.5763172,0.0028297575665256,0.0,99.99999886079712,0.0,0.003204837305972
557.5,164,1,71,0,-70,-0.1514785,0.7065852,0.0028269916243788,0.0,99.9999987358042,0.0,0.0031773979742936
558.0,165,1,71,0,-70,-0.34302112,-0.7424667,0.0028242310840837,0.0,99.99999854508978,0.0,0.0033469898006757
558.5,165,1,71,0,-70,-0.34302112,-0.7424667,0.0028214759298311,0.0,99.99999871262018,0.0,0.0027903780515283
559.0,165,1,71,0,-70,-0.34302112,-0.7424667,0.0028187261458734,0.0,99.99999846835831,0.0,0.0031769440557211
559.5,163,1,69,0,-68,0.05578825,-0.94271153,0.0028159570901776,0.0,99.9999992463726,0.0,0.002484317043529
560.0,163,1,69,0,-68,0.05578825,-0.94271153,0.0028131852770812,0.0,99.99999924599592,0.0,0.0024843544527943
560.5,162,1,69,0,-68,-0.1534495,-0.7608406,0.0028104189153412,0.0,99.99999924577342,0.0,0.0024841189343071
561.0,161,1,68,0,-67,0.53913,-0.9879579,0.0028076498285182,0.0,99.99999906033004,0.0,0.0028783008354458
561.5,161,1,68,0,-67,0.53913,-0.9879579,0.0028049187705977,0.0,99.99999883959389,0.0,0.0036175525280293
562.0,160,1,67,0,-66,0.08638178,-0.8246605,0.0028022174068175,0.0,99.99999846988436,0.0,0.0042129229833864
562.5,160,1,67,0,-66,0.08638178,-0.8246605,0.0027995293544853,0.0,99.99999819598725,0.0,0.0045243765528356
563.0,158,1,65,0,-64,0.19492993,-0.5111856,0.002796822161486,0.0,99.99999876875444,0.0,0.0039009921048594
563.5,158,1,65,0,-64,0.19492993,-0.5111856,0.0027941040355423,0.0,99.99999889718428,0.0,0.0036472400983205
564.0,155,1,63,0,-62,-0.3115209,0.3866235,0.002791399253893,0.0,99.99999827741888,0.0,0.0039262664186134
564.5,156,1,63,0,-62,-0.01475355,0.07048297,0.0027886836027713,0.0,99.99999861977086,0.0,0.0041390027776873
565.0,155,1,62,0,-61,0.105820954,0.48654008,0.0027859732304311,0.0,99.9999986408626,0.0,0.0035311235879254
565.5,156,1,63,0,-62,-0.5418601,-0.6152764,0.0027832761407542,0.0,99.9999985796841,0.0,0.0039523129744258
566.0,160,1,65,0,-64,0.24947561,0.59710985,0.0027806082796497,0.0,99.99999918617368,0.0,0.0021321966743181
566.5,160,1,65,0,-64,0.24947561,0.59710985,0.0027779535167281,0.0,99.99999919396288,0.0,0.0021238191480664
567.0,161,1,66,0,-65,0.08546525,-0.039044157,0.0027752958448132,0.0,99.99999896655652,0.0,0.002548210551944
567.5,161,1,66,0,-65,0.08546525,-0.039044157,0.0027726591695799,0.0,99.99999911842244,0.0,0.0020550017399507
568.0,161,1,66,0,-65,0.08546525,-0.039044157,0.0027700354426895,0.0,99.99999937091482,0.0,0.0017614223172276
568.5,161,1,66,0,-65,0.08546525,-0.039044157,0.0027674008204799,0.0,99.99999928533818,0.0,0.0020977395499083
569.0,162,1,66,0,-65,0.16270083,-1.1123743,0.0027647712051654,0.0,99.99999928496644,0.0,0.0020997830587458
569.5,162,1,66,0,-65,0.16270083,-1.1123743,0.0027621465824869,0.0,99.99999879862428,0.0,0.0026974354730162
570.0,162,1,66,0,-65,0.16270083,-1.1123743,0.0027595190552503,0.0,99.99999867231884,0.0,0.002805674405688
570.5,161,1,66,0,-65,0.69695115,-0.9774086,0.0027569043902132,0.0,99.99999867982248,0.0,0.0027954616021841
571.0,160,1,65,0,-64,0.63117254,-1.108627,0.0027543103816972,0.0,99.999999136008,0.0,0.0023425420879222
571.5,158,1,63,0,-62,-0.06952217,-0.5503219,0.0027517212500676,0.0,99.99999914320696,0.0,0.0023365130428896
572.0,158,1,63,0,-62,-0.06952217,-0.5503219,0.0027491369815841,0.0,99.99999914949775,0.0,0.0023315815838342
572.5,159,1,64,0,-63,0.11945875,-0.18189941,0.0027465809900201,0.0,99.9999990812112,0.0,0.0032214823926171
573.0,159,1,64,0,-63,0.11945875,-0.18189941,0.0027440141575223,0.0,99.99999928090392,0.0,0.002212988023728
573.5,159,1,64,0,-63,0.11945875,-0.18189941,0.0027414676784933,0.0,99.99999923598196,0.0,0.0024120754543329
574.0,159,1,64,0,-63,0.11945875,-0.18189941,0.0027389414529999,0.0,99.99999946151082,0.0,0.0017436172720607
574.5,159,1,64,0,-63,0.11945875,-0.18189941,0.0027364276305539,0.0,99.99999946077811,0.0,0.0017441192962922
575.0,159,1,64,0,-63,0.11945875,-0.18189941,0.0027339184182895,0.0,99.99999945992404,0.0,0.0017450693413057
575.5,156,1,62,0,-61,-0.5944172,-0.37958688,0.0027314446967276,0.0,99.99999911554848,0.0,0.0028520256695721
576.0,156,1,62,0,-61,-0.5944172,-0.37958688,0.0027289677382902,0.0,99.99999917289747,0.0,0.0028797290512035
576.5,157,1,63,0,-62,0.09124927,-0.5117838,0.002726479877393,0.0,99.9999990651394,0.0,0.0030833186121144
577.0,159,1,65,0,-64,0.31179315,0.42588678,0.0027239811859187,0.0,99.99999833702016,0.0,0.0040333861543778
577.5,159,1,65,0,-64,0.31179315,0.42588678,0.0027214794029648,0.0,99.99999833340654,0.0,0.0040389048953589
578.0,156,1,62,0,-61,-0.096983016,0.098856784,0.0027189745581666,0.0,99.9999984774223,0.0,0.0041994806222191
578.5,156,1,62,0,-61,-0.096983016,0.098856784,0.0027220984904726,0.0,99.99999857899944,0.0,0.0039690427036232
579.0,156,1,62,0,-61,-0.096983016,0.098856784,0.0027252243393438,0.0,99.99999913958668,0.0,0.0028471040358893
579.5,155,1,62,0,-61,-0.64989924,-0.3308332,0.002728306176582,0.0,99.9999992165046,0.0,0.0026071351002358
580.0,155,1,62,0,-61,-0.64989924,-0.3308332,0.0027313899521866,0.0,99.99999920920582,0.0,0.0026195161700125
580.5,155,1,62,0,-61,-0.64989924,-0.3308332,0.0027344910092401,0.0,99.999999222014,0.0,0.0022024802821851
581.0,156,1,63,0,-62,1.7432799,0.16011092,0.0027375940523109,0.0,99.9999988903198,0.0,0.002948546327299
581.5,156,1,63,0,-62,1.7432799,0.16011092,0.0027406761080161,0.0,99.99999871622252,0.0,0.0032492489436277
582.0,156,1,63,0,-62,1.7432799,0.16011092,0.0027409814445894,0.0,99.99999882237688,0.0,0.0029469981215661
582.5,154,1,62,0,-61,1.7089986,1.151294,0.0027384946932941,0.0,99.99999821576785,0.0,0.0037449030106303
583.0,154,1,62,0,-61,1.7089986,1.151294,0.0027359971887001,0.0,99.9999992925928,0.0,0.0021762971272112
583.5,153,1,61,0,-60,-0.33731702,-0.23461734,0.0027334966186563,0.0,99.99999929092556,0.0,0.0021782782478417
584.0,153,1,61,0,-60,-0.33731702,-0.23461734,0.0027310082180797,0.0,99.99999805561929,0.0,0.0044019226517509
584.5,153,1,61,0,-60,-0.33731702,-0.23461734,0.0027285395221022,0.0,99.99999809871332,0.0,0.00413145309332
585.0,154,1,62,0,-61,1.4759636,0.7408177,0.0027260828606918,0.0,99.99999853381024,0.0,0.0036463809714973
585.5,154,1,61,0,-60,1.5834823,0.8642599,0.0027236457428112,0.0,99.9999987048951,0.0,0.0032180254460182
586.0,155,1,61,0,-60,1.6833744,0.3973063,0.0027212054302056,0.0,99.99999877789362,0.0,0.002566682340357
586.5,155,1,61,0,-60,1.6833744,0.3973063,0.0027187920913913,0.0,99.99999854638295,0.0,0.0029389396718236
587.0,152,1,59,0,-58,1.8252993,0.7200675,0.0027163679861772,0.0,99.99999872597095,0.0,0.0028741697442317
587.5,153,1,59,0,-58,1.725218,0.5836741,0.0027139406916813,0.0,99.99999889411608,0.0,0.0027598622335393
588.0,152,1,58,0,-57,1.7305272,0.68817574,0.002711547710525,0.0,99.9999990095096,0.0,0.0029076363104472
588.5,152,1,58,0,-57,1.7305272,0.68817574,0.0027091365007124,0.0,99.9999986254936,0.0,0.0035879044291389
589.0,155,1,60,0,-59,1.4544983,0.58080375,0.0027067221071045,0.0,99.99999815802384,0.0,0.0042774148281608
589.5,155,1,60,0,-59,1.4544983,0.58080375,0.002704297103287,0.0,99.99999923331082,0.0,0.0027834639816164
590.0,154,1,60,0,-59,1.4994419,0.8701652,0.0027018689992894,0.0,99.99999922934556,0.0,0.0027928637607935
590.5,154,1,60,0,-59,1.4994419,0.8701652,0.0026994749645023,0.0,99.9999980891237,0.0,0.0043256798026847
591.0,154,1,60,0,-59,1.4994419,0.8701652,0.0026970999989002,0.0,99.99999839065124,0.0,0.0041401456543717
591.5,154,1,60,0,-59,1.4994419,0.8701652,0.0026947292085572,0.0,99.9999982777368,0.0,0.004254441616231
592.0,154,1,60,0,-59,1.4994419,0.8701652,0.0026923404150211,0.0,99.9999985560326,0.0,0.0038756068899867
592.5,154,1,60,0,-59,1.4994419,0.8701652,0.0026899411009838,0.0,99.99999822473106,0.0,0.0044046477810529
593.0,152,1,59,0,-58,1.7962308,0.91242164,0.0026875239712892,0.0,99.99999851386244,0.0,0.0040343000187807
593.5,152,1,59,0,-58,1.7962308,0.91242164,0.0026851038322261,0.0,99.99999888775427,0.0,0.0030646396520775
594.0,152,1,59,0,-58,0.7181629,0.6530708,0.0026826880479547,0.0,99.99999817593933,0.0,0.0042733343977827
594.5,154,1,60,0,-59,0.560868,0.76139504,0.0026802912528517,0.0,99.99999784073913,0.0,0.0047484136992803
595.0,154,1,60,0,-59,0.560868,0.76139504,0.0026779133568094,0.0,99.99999856151042,0.0,0.0038563416762882
595.5,154,1,60,0,-59,0.560868,0.76139504,0.0026755615679172,0.0,99.99999742453193,0.0,0.0050178047759998
596.0,154,1,60,0,-59,0.560868,0.76139504,0.0026731847685692,0.0,99.9999988872508,0.0,0.0031437249462678
596.5,153,1,59,0,-58,1.4372015,0.9782818,0.0026708194596831,0.0,99.9999989650175,0.0,0.0030523247283905
597.0,153,1,59,0,-58,1.4372015,0.9782818,0.0026684946262883,0.0,99.99999764080589,0.0,0.0046788097705581
597.5,153,1,59,0,-58,1.4372015,0.9782818,0.0026661883291071,0.0,99.9999976402742,0.0,0.004678352865097
598.0,153,1,59,0,-58,1.4372015,0.9782818,0.0026692734851262,0.0,99.99999840436824,0.0,0.0036336447783269
598.5,150,1,58,0,-57,1.7354064,0.94606775,0.0026669488260541,0.0,99.99999837322504,0.0,0.0041110804375295
599.0,152,1,60,0,-59,0.46983385,0.45348442,0.002664620989515,0.0,99.99999837136424,0.0,0.0041133530562294
599.5,152,1,60,0,-59,0.46983385,0.45348442,0.0026622827923906,0.0,99.99999841494346,0.0,0.0041356713452567
600.0,152,1,60,0,-59,0.46983385,0.45348442,0.0026599342998933,0.0,99.99999760199424,0.0,0.0052405349911721
600.5,153,1,61,0,-60,0.3014387,0.38993508,0.002657568392509,0.0,99.99999838068508,0.0,0.0042318175066066
601.0,154,1,61,0,-60,0.3817253,0.19115081,0.0026551995181204,0.0,99.9999983796492,0.0,0.0042332591511392
601.5,154,1,61,0,-60,0.3817253,0.19115081,0.0026528491816108,0.0,99.9999988977918,0.0,0.0027575666224944
602.0,159,1,63,0,-62,-0.48999926,0.7058612,0.0026505172957713,0.0,99.9999980891802,0.0,0.0041646276937966
602.5,163,1,65,0,-64,-0.39172348,-0.18837439,0.0026481895058419,0.0,99.99999808169504,0.0,0.0041727037788918
603.0,164,1,66,0,-65,-0.8073039,-0.102451995,0.0026458658010405,0.0,99.99999807362268,0.0,0.0041814329936615
603.5,163,1,65,0,-64,0.7680328,0.4255197,0.0026435746076994,0.0,99.99999842428252,0.0,0.0031869603187645
604.0,163,1,65,0,-64,0.7680328,0.4255197,0.0026412873790529,0.0,99.99999787700231,0.0,0.0044611816009127
604.5,164,1,65,0,-64,0.5422677,0.35346228,0.0026389828506384,0.0,99.99999802312163,0.0,0.0043280423883479
605.0,164,1,65,0,-64,0.5422677,0.35346228,0.0026367459925752,0.0,99.99999830678595,0.0,0.0035740823744085
605.5,162,1,65,0,-64,0.5659692,0.6169517,0.0026345129233177,0.0,99.999997653143,0.0,0.0041425936076148
606.0,162,1,65,0,-64,0.5659692,0.6169517,0.0026322624871801,0.0,99.99999857854768,0.0,0.0037767114512535
606.5,158,1,63,0,-62,1.4995408,0.7124264,0.002629994782818,0.0,99.99999816007788,0.0,0.0033451696744926
607.0,158,1,63,0,-62,1.4995408,0.7124264,0.0026277169336708,0.0,99.99999830546582,0.0,0.0031036031911908
607.5,158,1,63,0,-62,1.4995408,0.7124264,0.0026307847216843,0.0,99.99999883254593,0.0,0.0025326279271229
608.0,158,1,63,0,-62,1.4995408,0.7124264,0.0026338331478709,0.0,99.99999900380692,0.0,0.0024194340922357
608.5,158,1,63,0,-62,1.4995408,0.7124264,0.0026368692443463,0.0,99.9999985924536,0.0,0.0029050767431434
609.0,159,1,63,0,-62,0.37634394,0.27774286,0.0026398859867606,0.0,99.9999983854177,0.0,0.0037226589439108
609.5,160,1,63,0,-62,0.39713004,0.17185903,0.0026428904118703,0.0,99.99999838788597,0.0,0.0037188456881704
610.0,161,1,64,0,-63,0.57092154,0.45576385,0.0026459317801669,0.0,99.99999828990956,0.0,0.0035559071747133
610.5,161,1,64,0,-63,0.8348042,-0.14823075,0.0026489749503151,0.0,99.99999822149408,0.0,0.0035398831644213
611.0,162,1,63,0,-62,1.5384926,0.51177174,0.0026520481032148,0.0,99.99999824854471,0.0,0.0042093379774517
611.5,162,1,63,0,-62,1.5384926,0.51177174,0.0026550949441793,0.0,99.9999984550064,0.0,0.0035205291412127
612.0,162,1,63,0,-62,1.5384926,0.51177174,0.0026581154676878,0.0,99.99999793822464,0.0,0.0041353976209915
612.5,162,1,63,0,-62,1.5384926,0.51177174,0.0026611378548845,0.0,99.99999805761804,0.0,0.0042135928675314
613.0,163,1,64,0,-63,1.4440591,0.5633867,0.0026588638053235,0.0,99.9999986214745,0.0,0.0043874143201917
613.5,163,1,64,0,-63,1.4440591,0.5633867,0.0026565936389781,0.0,99.99999875033186,0.0,0.0039591218238386
614.0,163,1,64,0,-63,1.4440591,0.5633867,0.0026543203355272,0.0,99.99999836186208,0.0,0.0042736098320219
614.5,163,1,64,0,-63,1.4440591,0.5633867,0.0026520229261444,0.0,99.99999885884752,0.0,0.0035599826301915
615.0,162,1,63,0,-62,-0.29783437,-0.35692912,0.0026497294903027,0.0,99.99999885624506,0.0,0.0035648034259549
615.5,162,1,63,0,-62,-0.29783437,-0.35692912,0.0026474539659123,0.0,99.99999791127595,0.0,0.0051965704822276
616.0,163,1,64,0,-63,1.7558701,0.30371067,0.00264517538434,0.0,99.99999832500926,0.0,0.0039350769556636
616.5,163,1,64,0,-63,1.7558701,0.30371067,0.0026428937714488,0.0,99.99999884146943,0.0,0.0032302924102812
617.0,163,1,64,0,-63,1.7558701,0.30371067,0.002640629967603,0.0,99.99999860563793,0.0,0.0034046601082088
617.5,163,1,64,0,-63,1.7558701,0.30371067,0.0026383700386173,0.0,99.99999861185528,0.0,0.0033961896768485
618.0,163,1,64,0,-63,1.7558701,0.30371067,0.0026361070600455,0.0,99.99999892108534,0.0,0.0032208275283986
618.5,163,1,64,0,-63,1.7558701,0.30371067,0.0026338410575199,0.0,99.99999892101644,0.0,0.0032212198263254
619.0,164,1,65,0,-64,1.5712056,0.6485929,0.0026367813985153,0.0,99.99999897876268,0.0,0.0032734625011801
619.5,163,1,65,0,-64,0.7547687,0.06607917,0.0026345118435304,0.0,99.99999881012826,0.0,0.0030114510600335
620.0,163,1,65,0,-64,0.7547687,0.06607917,0.0026322737146427,0.0,99.99999818541966,0.0,0.0040168587954078
620.5,163,1,65,0,-64,0.7547687,0.06607917,0.0026300462543387,0.0,99.99999818312044,0.0,0.0040200040646194
621.0,163,1,65,0,-64,0.7547687,0.06607917,0.0026278157032212,0.0,99.99999826175424,0.0,0.0044780725846589
621.5,161,1,64,0,-63,-0.9276631,0.12811989,0.002625595778188,0.0,99.9999982647268,0.0,0.0044740334393877
622.0,161,1,64,0,-63,-0.9276631,0.12811989,0.0026233796006835,0.0,99.99999802037294,0.0,0.0048141131409791
622.5,161,1,64,0,-63,-0.9276631,0.12811989,0.0026211944525425,0.0,99.99999852898507,0.0,0.0038068752883853
623.0,161,1,64,0,-63,-0.9276631,0.12811989,0.002619012941617,0.0,99.99999853098424,0.0,0.0038035826345252
623.5,161,1,64,0,-63,-0.9276631,0.12811989,0.0026168282586268,0.0,99.99999850245756,0.0,0.0034908767390051
624.0,162,1,65,0,-64,-1.0282547,-0.2717015,0.0026146336397154,0.0,99.9999988157146,0.0,0.002809161159354
624.5,160,1,63,0,-62,-1.0223182,-0.27115917,0.0026124426987804,0.0,99.99999923343894,0.0,0.0022337574709871
625.0,161,1,62,0,-61,-1.0206296,-0.2246524,0.002610241894512,0.0,99.99999840542002,0.0,0.0033568925297283
625.5,162,1,62,0,-61,-0.93900764,-0.017594025,0.0026080447951765,0.0,99.9999984590793,0.0,0.003306794066469
626.0,163,1,63,0,-62,-0.49076328,0.26662195,0.0026058513914263,0.0,99.99999806350898,0.0,0.0035645468759012
626.5,164,1,63,0,-62,-1.0127578,-0.18914567,0.0026036549420318,0.0,99.99999906614973,0.0,0.0026344847073117
627.0,163,1,63,0,-62,-0.87348974,0.08041771,0.0026014554717107,0.0,99.99999911293324,0.0,0.0025510911496995
627.5,163,1,63,0,-62,-0.87348974,0.08041771,0.0025992664235178,0.0,99.99999836457437,0.0,0.0037592569114068
628.0,163,1,63,0,-62,-0.87348974,0.08041771,0.0025970944522245,0.0,99.99999877078425,0.0,0.0033779070296988
628.5,163,1,63,0,-62,-0.87348974,0.08041771,0.0025949595423388,0.0,99.99999899719244,0.0,0.0031313760918337
629.0,163,1,63,0,-62,-0.87348974,0.08041771,0.0025928481677549,0.0,99.99999827124176,0.0,0.0040762399616295
629.5,164,1,62,0,-61,0.33535644,0.59834987,0.0025932929417666,0.0,99.99999827379976,0.0,0.0038220942772085
630.0,164,1,62,0,-61,0.33535644,0.59834987,0.0025962808918867,0.0,99.99999871982286,0.0,0.0038983819153437
630.5,166,1,63,0,-62,1.7861915,0.45733082,0.0025992638843584,0.0,99.9999987128902,0.0,0.0039051870257979
631.0,166,1,63,0,-62,1.7861915,0.45733082,0.0026022352533586,0.0,99.99999903304968,0.0,0.003180706550006
631.5,165,1,63,0,-62,0.79289746,0.5962473,0.0026051816447516,0.0,99.99999886771808,0.0,0.003385196747602
632.0,164,1,62,0,-61,1.5825232,0.3598523,0.0026081164172986,0.0,99.99999904827118,0.0,0.003127392899194
632.5,164,1,64,1,-62,0.4192699,0.6393837,0.0026110128425994,0.0,99.99999864138402,0.0,0.0041970732874318
633.0,163,1,64,0,-63,1.6442928,0.78099036,0.0026164418947847,0.0,99.99999880020016,0.0,0.0040127089182785
633.5,163,1,64,0,-63,1.6442928,0.78099036,0.0026244237511627,0.0,99.99999878427084,0.0,0.0040503759960771
634.0,162,1,63,0,-62,1.652725,0.6209763,0.0026273123029196,0.0,99.9999991341778,0.0,0.0030158180701944
634.5,162,1,63,0,-62,1.652725,0.6209763,0.0026301892664807,0.0,99.99999887490144,0.0,0.0037040039098061
635.0,163,1,63,1,-61,1.6805679,0.8707773,0.0026330412263395,0.0,99.99999827851153,0.0,0.0046535880069144
635.5,163,1,63,1,-61,1.6805679,0.8707773,0.0026359285981698,0.0,99.99999819314644,0.0,0.0040846244907252
636.0,163,1,63,1,-61,1.6805679,0.8707773,0.0026388715706756,0.0,99.99999903036073,0.0,0.0025416803917628
636.5,162,1,64,0,-63,1.7057219,0.95321226,0.0026418366231276,0.0,99.99999903886112,0.0,0.0025282916189923
637.0,162,1,64,0,-63,1.7057219,0.95321226,0.0026447969146576,0.0,99.99999912685524,0.0,0.0025236614603106
637.5,162,1,64,0,-63,0.57483757,0.34530532,0.0026477591783061,0.0,99.99999915932032,0.0,0.0024287804155691
638.0,161,1,63,0,-62,1.7591846,0.53668594,0.0026506965370996,0.0,99.99999811107212,0.0,0.0035116915853277
638.5,161,1,63,0,-62,1.7591846,0.53668594,0.0026536426123806,0.0,99.9999986747051,0.0,0.0036051191403343
639.0,161,1,63,0,-62,1.6136311,0.7929852,0.0026565974279882,0.0,99.99999867658322,0.0,0.0036011475499404
639.5,162,1,64,0,-63,1.8301116,0.72718936,0.0026595475479528,0.0,99.99999867842962,0.0,0.0035973216543686
640.0,160,1,63,0,-62,0.030471697,-0.18589906,0.0026625064476651,0.0,99.99999801721276,0.0,0.0040949870778649
640.5,161,1,65,0,-64,-0.7797079,-0.041331694,0.0026604076765267,0.0,99.99999793954524,0.0,0.0043040477190441
641.0,161,1,65,0,-64,-0.7797079,-0.041331694,0.0026582920788954,0.0,99.99999839384792,0.0,0.0036752492563874
641.5,161,1,65,0,-64,-0.7797079,-0.041331694,0.0026562066443003,0.0,99.99999877331716,0.0,0.0036254932699118
642.0,161,1,65,0,-64,-0.7797079,-0.041331694,0.0026541512387299,0.0,99.999998790952,0.0,0.0036789658483327
642.5,160,1,64,0,-63,-0.5026008,-0.3071686,0.0026520656140677,0.0,99.999998834824,0.0,0.0031575602298415
643.0,161,1,65,0,-64,-0.73090696,-0.058758453,0.0026499899335615,0.0,99.99999862037096,0.0,0.0040307856850904
643.5,159,1,63,0,-62,0.51518595,0.2603107,0.0026479241582216,0.0,99.99999861547644,0.0,0.0040374148547196
644.0,159,1,63,0,-62,0.51518595,0.2603107,0.0026458682493297,0.0,99.99999887552528,0.0,0.0035471466263316
644.5,159,1,63,0,-62,0.51518595,0.2603107,0.002643842082534,0.0,99.99999883115164,0.0,0.0037627112282097
645.0,161,1,65,0,-64,0.41289377,0.31853968,0.0026417991329479,0.0,99.99999872978005,0.0,0.0039022640766588
645.5,160,1,65,0,-64,0.61029303,0.43136835,0.0026397725734398,0.0,99.99999873059556,0.0,0.0033930674264271
646.0,158,1,64,0,-63,0.6266092,0.15499562,0.0026377557282886,0.0,99.99999901447352,0.0,0.0028192643654806
646.5,159,1,64,0,-63,0.72838235,0.24899453,0.0026357353651607,0.0,99.99999901583882,0.0,0.0028133427093295
647.0,161,1,65,0,-64,0.53725433,0.2951845,0.0026337246819771,0.0,99.9999988713878,0.0,0.0032684410694648
647.5,161,1,65,0,-64,0.53725433,0.2951845,0.0026317236415257,0.0,99.99999830793598,0.0,0.0041826567363054
648.0,161,1,65,0,-64,0.53725433,0.2951845,0.0026297190720812,0.0,99.99999829959444,0.0,0.0042563648200645
648.5,160,1,64,0,-63,0.55620825,0.16691834,0.0026276913248754,0.0,99.99999778541132,0.0,0.005367562612622
649.0,161,1,65,0,-64,1.5256941,0.681061,0.0026256470611703,0.0,99.99999851594968,0.0,0.0039626361335109
649.5,161,1,65,0,-64,1.5256941,0.681061,0.0026235994389035,0.0,99.99999869203708,0.0,0.0030389655949201
650.0,160,1,64,0,-63,0.6039504,0.35253233,0.0026215484812197,0.0,99.9999990326006,0.0,0.003550570890247
650.5,160,1,64,0,-63,0.6039504,0.35253233,0.0026195202770273,0.0,99.99999852214523,0.0,0.0045262367500532
651.0,160,1,64,0,-63,0.6039504,0.35253233,0.0026174887022923,0.0,99.99999852363192,0.0,0.0045228992628167
651.5,159,1,64,0,-63,0.5694029,0.3603186,0.0026154472837102,0.0,99.9999982349164,0.0,0.0043285742095947
652.0,159,1,64,0,-63,0.5694029,0.3603186,0.0026134155330697,0.0,99.99999833854898,0.0,0.0044000334392947
652.5,159,1,64,0,-63,0.5694029,0.3603186,0.0026113934127415,0.0,99.99999863337251,0.0,0.003579729804437
653.0,159,1,64,0,-63,0.5694029,0.3603186,0.002609355020964,0.0,99.99999776018764,0.0,0.0059502876661318
653.5,159,1,64,0,-63,0.5694029,0.3603186,0.0026073456330055,0.0,99.99999849075076,0.0,0.0036771848068322
654.0,161,1,66,0,-65,-0.8319628,0.55601096,0.0026053135530736,0.0,99.99999881431982,0.0,0.0029976369016224
654.5,160,1,65,0,-64,-0.24802023,-0.33557737,0.0026032846381483,0.0,99.99999883322744,0.0,0.0029730380763354
655.0,160,1,64,0,-63,0.16931073,-1.0709964,0.002601258880841,0.0,99.99999828533863,0.0,0.0034051974042062
655.5,160,1,64,0,-63,0.16931073,-1.0709964,0.0025992555218752,0.0,99.99999822468274,0.0,0.0034539717539875
656.0,160,1,64,0,-63,0.16931073,-1.0709964,0.0025972744650675,0.0,99.99999868701155,0.0,0.003171281838212
656.5,160,1,64,0,-63,0.16931073,-1.0709964,0.0025952900292062,0.0,99.99999850389652,0.0,0.0034450358918218
657.0,160,1,64,0,-63,0.16931073,-1.0709964,0.0025933022366923,0.0,99.99999830975057,0.0,0.0042875860456404
657.5,158,1,63,0,-62,0.41989097,-0.70569223,0.0025912856024923,0.0,99.99999859205776,0.0,0.0034797174614402
658.0,158,1,63,0,-62,0.41989097,-0.70569223,0.0025892339015058,0.0,99.99999830171986,0.0,0.0035399272222257
658.5,158,1,62,0,-61,0.037482202,-1.0031472,0.0025871727337054,0.0,99.99999884643118,0.0,0.0028784818741829
659.0,158,1,62,0,-61,0.037482202,-1.0031472,0.0025851148448931,0.0,99.99999884717016,0.0,0.0028770119161359
659.5,158,1,62,0,-61,0.037482202,-1.0031472,0.0025830538908935,0.0,99.99999852648334,0.0,0.0037256498982826
660.0,158,1,62,0,-61,0.037482202,-1.0031472,0.0025809962204214,0.0,99.9999983539471,0.0,0.0040122938404775
660.5,158,1,62,0,-61,0.037482202,-1.0031472,0.002578960774325,0.0,99.99999849239433,0.0,0.0032529578751968
661.0,157,1,61,0,-60,0.653123,-0.17831509,0.0025769411488311,0.0,99.999998697027,0.0,0.0027204914618567
661.5,157,1,61,0,-60,0.54547364,-0.5152033,0.0025749372771688,0.0,99.99999889177988,0.0,0.0023869283041866
662.0,157,1,61,0,-60,0.54547364,-0.5152033,0.002572961667025,0.0,99.99999896025096,0.0,0.0033353476321472
662.5,158,1,62,0,-61,0.22145882,-0.995478,0.0025709828088414,0.0,99.99999897062382,0.0,0.0028373642411644
663.0,158,1,62,0,-61,0.22145882,-0.995478,0.0025689756545032,0.0,99.99999804952772,0.0,0.0040231880888835
663.5,157,1,61,0,-60,-0.026686281,0.019781128,0.0025669716316724,0.0,99.9999983907576,0.0,0.0043141492095929
664.0,157,1,61,0,-60,-0.026686281,0.019781128,0.0025649832289558,0.0,99.9999981624973,0.0,0.0048384146990571
664.5,157,1,62,0,-61,-0.23500526,-0.85439485,0.0025630166194467,0.0,99.99999780841658,0.0,0.0043681273763297
665.0,157,1,62,0,-61,-0.23500526,-0.85439485,0.0025610530232829,0.0,99.99999764074948,0.0,0.0045076365733097
665.5,159,1,63,0,-62,0.7337991,-0.08762933,0.0025590924335437,0.0,99.99999881557638,0.0,0.0033622213699609
666.0,158,1,63,0,-62,-0.09788224,0.03804134,0.0025571348433299,0.0,99.9999984855631,0.0,0.0034226110709885
666.5,160,1,64,0,-63,-0.061804682,-0.31135702,0.0025551740454495,0.0,99.99999799139844,0.0,0.0044236485867325
667.0,159,1,63,0,-62,-0.68106174,0.0039341003,0.002553185298696,0.0,99.99999814985912,0.0,0.0044637198447857
667.5,158,1,62,0,-61,-0.14170945,-0.21018697,0.0025512120074137,0.0,99.9999982811082,0.0,0.0042441668771364
668.0,158,1,62,0,-61,-0.14170945,-0.21018697,0.0025492355924612,0.0,99.99999894779992,0.0,0.0028649444502174
668.5,159,1,62,0,-61,-0.005214229,-0.6683839,0.0025472683993574,0.0,99.99999811668624,0.0,0.0034286150227616
669.0,160,1,63,0,-62,0.07480261,-0.30369824,0.0025453103925047,0.0,99.99999845604616,0.0,0.0031474459953332
669.5,160,1,63,0,-62,0.07480261,-0.30369824,0.002543373822814,0.0,99.99999757774413,0.0,0.0042708836778103
670.0,161,1,64,0,-63,-0.18428907,-0.53608245,0.0025414340639051,0.0,99.99999808632325,0.0,0.0039040028179086
670.5,161,1,64,0,-63,-0.18428907,-0.53608245,0.0025394972615392,0.0,99.99999809140596,0.0,0.0038962974141433
671.0,161,1,64,0,-63,-0.18428907,-0.53608245,0.0025375695241032,0.0,99.99999829367708,0.0,0.0042118363777311
671.5,161,1,63,0,-62,0.09398283,-0.25368875,0.0025356813469693,0.0,99.99999900832744,0.0,0.0027274619403275
672.0,161,1,63,0,-62,0.09398283,-0.25368875,0.0025338081717118,0.0,99.99999891638048,0.0,0.0029874614940829
672.5,162,1,64,0,-63,-0.3019375,1.3359386,0.0025319438499973,0.0,99.9999989164157,0.0,0.002986620035696
673.0,162,1,64,0,-63,-0.3019375,1.3359386,0.0025300701115345,0.0,99.99999892247222,0.0,0.0024785015923635
673.5,160,1,63,0,-62,-0.23055059,0.67796534,0.0025281870042064,0.0,99.99999833862545,0.0,0.003519530680262
674.0,161,1,64,0,-63,0.1399619,1.0394573,0.0025263006369732,0.0,99.99999839314285,0.0,0.0035509901792585
674.5,160,1,63,0,-62,0.7715802,0.32514778,0.0025244110306932,0.0,99.99999840403768,0.0,0.0042703462846942
675.0,159,1,62,0,-61,0.0018675923,1.0741235,0.0025225182062092,0.0,99.99999820996328,0.0,0.0041312850875953
675.5,160,1,63,0,-62,0.123168424,-0.26592803,0.0025206523534466,0.0,99.99999833391006,0.0,0.0041140442367945
676.0,160,1,63,0,-62,0.123168424,-0.26592803,0.0025187952838966,0.0,99.9999986832237,0.0,0.0037911921840256
676.5,159,1,63,0,-62,-0.2803395,-0.53729284,0.002516958997232,0.0,99.99999829041482,0.0,0.0034779908836249
677.0,159,1,63,0,-62,-0.2803395,-0.53729284,0.0025151193786007,0.0,99.99999827651224,0.0,0.0034945318794564
677.5,158,1,63,0,-62,1.509196,0.21851903,0.0025132764484754,0.0,99.99999923781616,0.0,0.0023028607896432
678.0,158,1,62,0,-61,0.43521565,0.2642168,0.0025114661667584,0.0,99.99999857040872,0.0,0.0044376854392955
678.5,159,1,62,0,-61,0.8254312,0.2182238,0.0025096644723984,0.0,99.9999981471746,0.0,0.0048764342858392
679.0,159,1,62,0,-61,0.8254312,0.2182238,0.002507835497423,0.0,99.99999874469503,0.0,0.004085518810721
679.5,159,1,62,0,-61,0.8254312,0.2182238,0.0025059793667225,0.0,99.99999867897398,0.0,0.0037292572753253
680.0,159,1,62,0,-61,0.8254312,0.2182238,0.0025041319366,0.0,99.99999843678587,0.0,0.0037053493749983
680.5,159,1,62,0,-61,0.8254312,0.2182238,0.0025022872283545,0.0,99.99999855413026,0.0,0.0042745396670246
681.0,159,1,62,0,-61,0.8254312,0.2182238,0.0025004333609576,0.0,99.99999861164903,0.0,0.0042149168374003
681.5,160,1,63,0,-62,1.7493598,0.6191759,0.0024985940959146,0.0,99.99999845676255,0.0,0.0037068528097116
682.0,161,1,63,0,-62,1.7823026,0.6659257,0.0024967516147083,0.0,99.99999817364184,0.0,0.0034752681166787
682.5,160,1,63,0,-62,-0.08548483,-0.23761295,0.0024949177601182,0.0,99.99999861696992,0.0,0.0028653400735577
683.0,159,1,61,0,-60,-0.19297016,1.1608908,0.0024930688896728,0.0,99.9999982518667,0.0,0.0041417721322265
683.5,159,1,61,0,-60,-0.19297016,1.1608908,0.0024912522268671,0.0,99.99999897273015,0.0,0.002852168536945
684.0,159,1,61,0,-60,-0.19297016,1.1608908,0.0024894558659429,0.0,99.99999762226555,0.0,0.0041991085043854
684.5,158,1,61,0,-60,1.8466401,0.3746286,0.0024876797248196,0.0,99.9999974588739,0.0,0.0044439528474737
685.0,158,1,61,0,-60,1.8466401,0.3746286,0.0024859061163205,0.0,99.99999745747236,0.0,0.0044473440162631
685.5,158,1,61,0,-60,0.6148769,0.42491156,0.0024841350350326,0.0,99.9999974562778,0.0,0.0044501779675397
686.0,158,1,61,0,-60,0.6148769,0.42491156,0.0024823664755582,0.0,99.99999745555915,0.0,0.0044522575541278
686.5,158,1,61,0,-60,0.6148769,0.42491156,0.0024805829016459,0.0,99.99999745027723,0.0,0.0043025994055509
687.0,159,1,62,0,-61,0.7293893,0.35352144,0.0024787843834229,0.0,99.99999767517625,0.0,0.0038695895301275
687.5,159,1,62,0,-61,0.7293893,0.35352144,0.002476965164884,0.0,99.99999810134344,0.0,0.0041079791084858
688.0,159,1,62,0,-61,0.7293893,0.35352144,0.0024751369787345,0.0,99.99999827290424,0.0,0.0039683149400986
688.5,159,1,62,0,-61,0.7293893,0.35352144,0.0024732998705804,0.0,99.99999818256524,0.0,0.0040813208393177
689.0,159,1,62,0,-61,0.7293893,0.35352144,0.0024714654874983,0.0,99.99999817988837,0.0,0.004084369708109
689.5,160,1,63,0,-62,-0.022306517,1.3919612,0.0024696280313335,0.0,99.99999885381612,0.0,0.0032753528867297
690.0,160,1,64,0,-63,-0.22830644,-0.03699638,0.0024678222230555,0.0,99.99999800019044,0.0,0.0047463604531513
690.5,161,1,65,0,-64,-0.20923957,0.08148877,0.0024660075034074,0.0,99.99999799531987,0.0,0.0047510057727673
691.0,161,1,65,0,-64,-0.20923957,0.08148877,0.0024641089543332,0.0,99.9999984348401,0.0,0.0040644094052003
691.5,160,1,63,0,-62,-0.23033935,0.8241494,0.0024622133263496,0.0,99.999998301186,0.0,0.0038226739345186
692.0,159,1,62,0,-61,0.14612186,-0.43089384,0.0024603263612403,0.0,99.99999875588443,0.0,0.0036288257818719
692.5,158,1,62,0,-61,-0.036348313,-0.5534063,0.0024584652452861,0.0,99.99999894284792,0.0,0.0028761341410864
693.0,157,1,62,0,-61,-0.03435622,-0.4546368,0.0024566126740683,0.0,99.99999907846453,0.0,0.0024735640347098
693.5,154,1,62,0,-61,-0.0633643,-0.31064016,0.0024547743379336,0.0,99.99999898917818,0.0,0.0027465198259184
694.0,156,1,64,0,-63,1.6223512,0.8950063,0.0024529273230013,0.0,99.99999832768928,0.0,0.0041263087330398
694.5,157,1,65,0,-64,-0.69931114,0.009945095,0.0024510488533839,0.0,99.9999990084865,0.0,0.0028580355323141
695.0,157,1,65,0,-64,-0.69931114,0.009945095,0.002449178955203,0.0,99.99999872155593,0.0,0.0033633339573559
695.5,156,1,64,0,-63,-0.7894856,-0.022019506,0.0024473005322239,0.0,99.99999900873088,0.0,0.0032030611649143
696.0,157,1,65,0,-64,0.3756407,-0.31362695,0.002445430667512,0.0,99.99999801256328,0.0,0.0044680561404757
696.5,157,1,65,0,-64,0.3756407,-0.31362695,0.0024435523170816,0.0,99.9999989436131,0.0,0.0029747930823977
697.0,157,1,65,0,-64,0.3756407,-0.31362695,0.0024416711882799,0.0,99.9999989950932,0.0,0.0026688057761972
697.5,157,1,65,0,-64,0.3756407,-0.31362695,0.0024397759947358,0.0,99.99999849629629,0.0,0.0039261191805965
698.0,157,1,65,0,-64,0.3756407,-0.31362695,0.0024379063177196,0.0,99.99999816444809,0.0,0.0044074355511861
698.5,158,1,66,0,-65,0.11099974,0.4117672,0.0024360451397082,0.0,99.99999826130164,0.0,0.0043605886942727
699.0,158,1,66,0,-65,0.11099974,0.4117672,0.0024342149367866,0.0,99.99999870511893,0.0,0.0042140867510394
699.5,157,1,65,0,-64,0.6341585,-1.0371273,0.0024324099569419,0.0,99.99999803705192,0.0,0.0051935464356663
700.0,160,1,68,0,-67,0.2908485,-0.74500555,0.0024306076519129,0.0,99.99999874250284,0.0,0.0034488726869714
700.5,160,1,68,0,-67,0.2908485,-0.74500555,0.0024288136179635,0.0,99.99999871470608,0.0,0.0036004521146746
701.0,158,1,66,0,-65,-0.10346243,0.4163643,0.0024270110425545,0.0,99.99999888755436,0.0,0.0033601246168396
701.5,160,1,67,0,-66,-0.20269015,0.08459474,0.0024251943840512,0.0,99.9999985552692,0.0,0.0036088562463423
702.0,161,1,68,0,-67,-0.1545695,-1.0489703,0.0024233525575229,0.0,99.99999833052794,0.0,0.0042809703837899
702.5,161,1,68,0,-67,-0.1545695,-1.0489703,0.0024215135264411,0.0,99.99999833252744,0.0,0.0042755981221818
703.0,160,1,67,0,-66,0.46285066,-0.34789592,0.002419693965012,0.0,99.9999982467329,0.0,0.0040470323895381
703.5,158,1,65,0,-64,-0.031344697,-1.0422211,0.0024178882398324,0.0,99.99999806309734,0.0,0.004337504587122
704.0,157,1,65,0,-64,0.3417913,-0.24719028,0.0024160962950895,0.0,99.99999802426385,0.0,0.0057621400073241
704.5,157,1,65,0,-64,0.3417913,-0.24719028,0.0024143125399806,0.0,99.9999970016309,0.0,0.0039067919958526
705.0,158,1,66,0,-65,0.047409818,-1.1740166,0.0024125535263834,0.0,99.99999802022684,0.0,0.0049767014867695
705.5,159,1,66,0,-65,0.14639755,-0.44875473,0.0024108025935015,0.0,99.9999985301472,0.0,0.0032292097317593
706.0,158,1,65,0,-64,-0.079921275,-0.4108169,0.0024090707347093,0.0,99.99999862764004,0.0,0.0031868264901281
706.5,159,1,66,0,-65,-0.07087302,-0.004006341,0.0024073413623768,0.0,99.99999862587217,0.0,0.0031887409538891
707.0,157,1,64,0,-63,-0.07905632,0.5980284,0.0024055924885203,0.0,99.999998440991,0.0,0.0035320907344632
707.5,157,1,65,0,-64,-0.059440166,-0.6222014,0.0024038461538461,0.0,99.999997991982,0.0,0.0036548033307955
708.0,157,1,65,0,-64,0.11273418,-1.1898167,0.0024020913935323,0.0,99.99999821168836,0.0,0.0043761004620748
708.5,158,1,66,0,-65,-0.035374314,-1.0461415,0.0024003173069032,0.0,99.99999873871364,0.0,0.0035579252422233
709.0,158,1,66,0,-65,-0.035374314,-1.0461415,0.0023985622293645,0.0,99.99999835614032,0.0,0.0042340209000182
709.5,157,1,65,0,-64,0.11273418,-1.1898167,0.0023968042609853,0.0,99.99999854598488,0.0,0.0035431649258497
710.0,157,1,65,0,-64,0.11273418,-1.1898167,0.002395032525133,0.0,99.99999839902073,0.0,0.0039146056482612
710.5,157,1,65,0,-64,0.11273418,-1.1898167,0.0023932362099138,0.0,99.99999900835915,0.0,0.003063855884613
711.0,158,1,66,0,-65,-0.26555896,-0.82900804,0.0023914262938797,0.0,99.99999861635509,0.0,0.0033854865589513
711.5,158,1,66,0,-65,-0.26555896,-0.82900804,0.0023896408049889,0.0,99.99999902329608,0.0,0.002832192732856
712.0,159,1,67,0,-66,0.21413247,-0.52623194,0.002387874225018,0.0,99.99999902666994,0.0,0.0028255051155251
712.5,159,1,67,0,-66,0.21413247,-0.52623194,0.0023861156620281,0.0,99.99999902502586,0.0,0.0027598305618708
713.0,156,1,65,0,-64,-0.7695863,-0.03172423,0.0023843596873386,0.0,99.9999991750813,0.0,0.002413187820931
713.5,156,1,65,0,-64,-0.14625856,0.42676836,0.0023825955131178,0.0,99.99999904733188,0.0,0.0025197379457027
714.0,156,1,65,0,-64,-0.14625856,0.42676836,0.0023808393306517,0.0,99.99999768457928,0.0,0.0040146127842926
714.5,155,1,64,0,-63,-0.17491159,-0.1683384,0.0023836151873566,0.0,99.9999987664655,0.0,0.0029161280862484
715.0,155,1,64,0,-63,-0.17491159,-0.1683384,0.0023863815952859,0.0,99.99999891864164,0.0,0.0027909770736788
715.5,154,1,63,0,-62,0.036803246,-0.22326536,0.0023891331665376,0.0,99.999997773704,0.0,0.0038749138730273
716.0,154,1,63,0,-62,0.036803246,-0.22326536,0.0023918752888397,0.0,99.99999807747676,0.0,0.0036031664511142
716.5,154,1,63,0,-62,0.036803246,-0.22326536,0.0023946349364396,0.0,99.99999805099348,0.0,0.0033447121843318
717.0,156,1,63,0,-62,0.3415659,-0.32501382,0.0023973743685788,0.0,99.99999909056854,0.0,0.0023671663187324
717.5,155,1,62,0,-61,-0.01850453,0.7077176,0.0024001097707186,0.0,99.99999921034778,0.0,0.00238480480635
718.0,155,1,62,0,-61,-0.01850453,0.7077176,0.0024028411517453,0.0,99.99999893512684,0.0,0.0027404056941726
718.5,156,1,62,0,-61,0.07460593,-1.088036,0.0024055739236685,0.0,99.99999866422752,0.0,0.0030709440839784
719.0,157,1,63,0,-62,0.06323689,-0.45957005,0.0024082918858743,0.0,99.99999874319214,0.0,0.0030028085585578
719.5,157,1,63,0,-62,0.06323689,-0.45957005,0.0024110058492123,0.0,99.99999871170472,0.0,0.0030491356866833
720.0,159,1,64,0,-63,-0.31315377,-1.091746,0.0024137104130201,0.0,99.99999907769828,0.0,0.0025604774535456
720.5,158,1,63,0,-62,0.11329439,-0.71896845,0.0024164055799037,0.0,99.9999990474634,0.0,0.0026088665761642
721.0,158,1,63,0,-62,0.11329439,-0.71896845,0.0024191075932229,0.0,99.9999978549822,0.0,0.0044941358538635
721.5,158,1,63,0,-62,0.11329439,-0.71896845,0.0024218164741661,0.0,99.99999900301692,0.0,0.0029069764353824
722.0,158,1,63,0,-62,0.11329439,-0.71896845,0.0024245214084123,0.0,99.99999899950818,0.0,0.0029125441196051
722.5,158,1,63,0,-62,0.11329439,-0.71896845,0.0024272007252574,0.0,99.99999895042563,0.0,0.0032397596598905
723.0,158,1,63,0,-62,0.11329439,-0.71896845,0.0024298760964007,0.0,99.9999979147738,0.0,0.0046222141257204
723.5,157,1,62,0,-61,0.97036386,-0.5172574,0.0024325366831437,0.0,99.99999867703796,0.0,0.00306980200677
724.0,158,1,62,0,-61,1.026007,-0.24701177,0.0024352150363945,0.0,99.9999985969313,0.0,0.0031877227915004
724.5,158,1,62,0,-61,1.026007,-0.24701177,0.0024378949055788,0.0,99.99999832122928,0.0,0.0039544496843174
725.0,160,1,63,0,-62,0.37646118,0.31066057,0.0024405708755575,0.0,99.9999980343224,0.0,0.0043383389917738
725.5,161,1,64,0,-63,0.086208686,-0.31673294,0.0024432375231485,0.0,99.99999802729944,0.0,0.0043489615783629
726.0,161,1,64,0,-63,-0.12448728,-0.2829337,0.0024459111518886,0.0,99.999998292205,0.0,0.00399583684458
726.5,160,1,64,0,-63,-0.8134321,0.35737348,0.0024485809108365,0.0,99.9999982535484,0.0,0.0035201019409816
727.0,160,1,64,0,-63,-0.8134321,0.35737348,0.0024512631214672,0.0,99.99999783024386,0.0,0.0045256740522694
727.5,160,1,64,0,-63,-0.8134321,0.35737348,0.002453963250404,0.0,99.99999901361022,0.0,0.0027708784324007
728.0,160,1,64,0,-63,-0.8134321,0.35737348,0.0024566541212643,0.0,99.9999990843858,0.0,0.0028144411102136
728.5,159,1,65,0,-64,-0.7784294,0.5271633,0.0024593520680915,0.0,99.99999894719198,0.0,0.0029503805116725
729.0,160,1,66,0,-65,-0.7356775,0.22523156,0.0024620516654795,0.0,99.99999911615784,0.0,0.0027069493467339
729.5,160,1,66,0,-65,-0.7356775,0.22523156,0.0024647638247829,0.0,99.99999833433256,0.0,0.0038984085349033
730.0,160,1,66,0,-65,-0.7356775,0.22523156,0.002463043305382,0.0,99.99999814841674,0.0,0.0034700153544532
730.5,160,1,66,0,-65,-0.7356775,0.22523156,0.0024657401193797,0.0,99.99999814809924,0.0,0.0034685259980619
731.0,158,1,65,0,-64,-0.5346353,-0.14702092,0.0024684331736241,0.0,99.9999984072204,0.0,0.0034971069604047
731.5,158,1,65,0,-64,-0.5346353,-0.14702092,0.0024711224759721,0.0,99.99999828019976,0.0,0.0038206300499752
732.0,157,1,64,0,-63,0.009868041,0.6795597,0.0024738134837153,0.0,99.99999868366788,0.0,0.0033128086230953
732.5,158,1,64,0,-63,0.22681059,0.18181086,0.0024764953078668,0.0,99.99999868309314,0.0,0.0033142957483038
733.0,159,1,65,0,-64,0.82895136,-0.58635837,0.0024791843109649,0.0,99.99999892208449,0.0,0.0029162800051464
733.5,159,1,65,0,-64,0.82895136,-0.58635837,0.0024818696018237,0.0,99.99999892486171,0.0,0.0029126462345244
734.0,160,1,66,0,-65,0.029623061,-1.1241587,0.0024845511881251,0.0,99.99999892779104,0.0,0.0029087754807297
734.5,160,1,66,0,-65,0.029623061,-1.1241587,0.0024872290775299,0.0,99.9999989308136,0.0,0.0029047569428433
735.0,157,1,64,0,-63,-0.2896125,-0.06275825,0.0024899142021634,0.0,99.99999831977796,0.0,0.003353057925659
735.5,157,1,64,0,-63,-0.2896125,-0.06275825,0.002492584724862,0.0,99.99999900831467,0.0,0.0028150304315383
736.0,157,1,64,0,-63,-0.2896125,-0.06275825,0.0024952406406568,0.0,99.99999900797472,0.0,0.0028158246122067
736.5,156,1,63,0,-62,0.22681744,0.1603206,0.0024978928817715,0.0,99.99999900763558,0.0,0.0028167781915123
737.0,156,1,63,0,-62,0.22681744,0.1603206,0.002500541455827,0.0,99.99999900742488,0.0,0.002817681527277
737.5,155,1,62,0,-61,0.05512339,0.8097746,0.0025031863704234,0.0,99.999998848376,0.0,0.0032269403721153
738.0,158,1,64,0,-63,-0.35951582,-0.99661297,0.0025058276331398,0.0,99.9999987837516,0.0,0.0033112067826016
738.5,158,1,64,0,-63,-0.35951582,-0.99661297,0.0025084652515342,0.0,99.99999862187413,0.0,0.003347335056194
739.0,158,1,64,0,-63,-0.35951582,-0.99661297,0.0025110882764247,0.0,99.99999867234996,0.0,0.0032781513465152
739.5,158,1,64,0,-63,-0.35951582,-0.99661297,0.0025137076643012,0.0,99.99999867814068,0.0,0.003269267187089
740.0,158,1,64,0,-63,-0.10702652,-1.0170753,0.0025141666975309,0.0,99.99999812204268,0.0,0.0043562930927927
740.5,158,1,64,0,-63,-0.10702652,-1.0170753,0.0025124424685509,0.0,99.99999826689144,0.0,0.0041968841962813
741.0,158,1,64,0,-63,-0.10702652,-1.0170753,0.002510715140439,0.0,99.99999820007125,0.0,0.0042854857891185
741.5,158,1,64,0,-63,-0.10702652,-1.0170753,0.0025090010957855,0.0,99.99999801540352,0.0,0.0043981288850634
742.0,157,1,63,0,-62,-0.21507299,-0.99710244,0.002507283942302,0.0,99.9999982118002,0.0,0.004368569845744
742.5,157,1,63,0,-62,0.17705634,-0.6429453,0.0025055582574862,0.0,99.99999866983728,0.0,0.0036341284128919
743.0,155,1,61,0,-60,0.105774954,-1.1520119,0.0025038295139446,0.0,99.99999867091124,0.0,0.0036327767859578
743.5,155,1,61,0,-60,0.105774954,-1.1520119,0.0025021031542978,0.0,99.9999986716518,0.0,0.0036318715668611
744.0,155,1,61,0,-60,0.105774954,-1.1520119,0.00250036833849,0.0,99.99999852577416,0.0,0.0038897987404274
744.5,157,1,63,0,-62,-0.40578178,0.6966147,0.002498619696658,0.0,99.99999841456253,0.0,0.0041126625886339
745.0,156,1,62,0,-61,-0.54921925,0.7050017,0.0024968680965599,0.0,99.99999841789854,0.0,0.0041076102149454
745.5,156,1,62,0,-61,-0.54921925,0.7050017,0.0024951189505797,0.0,99.99999841844632,0.0,0.0041062879633255
746.0,156,1,62,0,-61,-0.54921925,0.7050017,0.0024933668663088,0.0,99.99999839689598,0.0,0.003903974826816
746.5,155,1,62,0,-61,-0.33320037,-0.6634716,0.0024916118612815,0.0,99.99999852209052,0.0,0.0036029080977164
747.0,155,1,62,0,-61,-0.33320037,-0.6634716,0.0024898485809589,0.0,99.9999980448475,0.0,0.0042695817160959
747.5,155,1,62,0,-61,-0.33320037,-0.6634716,0.002488087794571,0.0,99.9999980510758,0.0,0.0042594133855502
748.0,155,1,62,0,-61,-0.33320037,-0.6634716,0.0024863455675611,0.0,99.99999877760276,0.0,0.0040356625361721
748.5,155,1,62,0,-61,-0.33320037,-0.6634716,0.0024845950798988,0.0,99.99999836381268,0.0,0.0044424461833703
749.0,154,1,61,0,-60,-0.3673614,-1.1266459,0.0024828523972219,0.0,99.99999813262642,0.0,0.0049583098669803
749.5,154,1,61,0,-60,-0.3673614,-1.1266459,0.0024811121574495,0.0,99.99999812646062,0.0,0.0049646731803745
750.0,155,1,62,0,-61,-0.11467555,-0.2568692,0.0024793583747096,0.0,99.99999816410424,0.0,0.0046690568996549
750.5,155,1,62,0,-61,0.5652156,-0.56219697,0.0024776017502087,0.0,99.99999894802882,0.0,0.0025774814268191
751.0,156,1,63,0,-62,0.4947807,-0.27412468,0.0024758476130812,0.0,99.99999854442768,0.0,0.0031353205318902
751.5,157,1,64,0,-63,-0.23177412,-0.20570044,0.0024740959580475,0.0,99.9999985460336,0.0,0.0031316358981459
752.0,156,1,63,0,-62,0.075445235,1.0489365,0.0024723520766471,0.0,99.99999879220309,0.0,0.0033068348391279
752.5,156,1,62,0,-61,0.1804499,0.49033135,0.0024706106518858,0.0,99.99999885851884,0.0,0.002934379809803
753.0,156,1,62,0,-61,0.1804499,0.49033135,0.0024688663966745,0.0,99.9999988574406,0.0,0.002935268476011
753.5,156,1,62,0,-61,0.1804499,0.49033135,0.0024671351515449,0.0,99.99999890396565,0.0,0.0029268342543636
754.0,157,1,63,0,-62,0.13096431,0.48864532,0.0024654063327187,0.0,99.99999814608796,0.0,0.0050038717954028
754.5,157,1,63,0,-62,0.13096431,0.48864532,0.0024636904545871,0.0,99.9999980262308,0.0,0.0053603861961506
755.0,155,1,61,0,-60,-0.3728011,0.16850671,0.0024619927206939,0.0,99.99999838688552,0.0,0.0044264979239112
755.5,154,1,61,0,-60,0.023550093,0.8377374,0.0024603025703126,0.0,99.99999839077924,0.0,0.0044231917314131
756.0,154,1,61,0,-60,0.023550093,0.8377374,0.0024586095008,0.0,99.99999766449312,0.0,0.0040455050588899
756.5,155,1,62,0,-61,0.17126964,-0.2866829,0.0024569292217027,0.0,99.99999737942746,0.0,0.0047379569957295
757.0,155,1,62,0,-61,0.17126964,-0.2866829,0.0024552564615371,0.0,99.9999977696587,0.0,0.0050536071754629
757.5,155,1,62,0,-61,0.17126964,-0.2866829,0.0024535755441877,0.0,99.9999976406276,0.0,0.0048116606655762
758.0,156,1,63,0,-62,0.26681626,-0.18537222,0.0024519073459484,0.0,99.99999831011884,0.0,0.0040977090710323
758.5,155,1,63,0,-62,0.37403104,-0.113326356,0.0024502414146003,0.0,99.99999814175396,0.0,0.0037017137410228
759.0,155,1,63,0,-62,0.37403104,-0.113326356,0.0024485881364419,0.0,99.999998544745,0.0,0.004678346671873
759.5,156,1,64,0,-63,0.37881768,-0.30921328,0.0024469215225195,0.0,99.9999980693691,0.0,0.0043973640980589
760.0,156,1,64,0,-63,0.37881768,-0.30921328,0.0024452364505507,0.0,99.99999802082031,0.0,0.0045044051248396
760.5,156,1,64,0,-63,0.37881768,-0.30921328,0.0024435743945589,0.0,99.99999731760228,0.0,0.0057120351915002
761.0,156,1,64,0,-63,0.37881768,-0.30921328,0.0024418939278519,0.0,99.9999976270354,0.0,0.0043353007890926
761.5,156,1,64,0,-63,0.37881768,-0.30921328,0.0024402054509199,0.0,99.9999971847961,0.0,0.0048240713762101
762.0,156,1,64,0,-63,0.37881768,-0.30921328,0.0024385296131317,0.0,99.9999978306772,0.0,0.0046258751032053
762.5,156,1,64,0,-63,0.37881768,-0.30921328,0.0024368560755636,0.0,99.99999779094472,0.0,0.0049180389550924
763.0,155,1,63,0,-62,0.26084045,0.24387376,0.0024351899722506,0.0,99.99999745236816,0.0,0.0057028090298928
763.5,156,1,64,0,-63,0.37881768,-0.30921328,0.0024335158821705,0.0,99.99999842480642,0.0,0.0032001552457161
764.0,157,1,65,0,-64,-0.28641286,0.3433237,0.0024318389675853,0.0,99.999999065592,0.0,0.0023924924415785
764.5,156,1,64,0,-63,-0.070816636,0.5404047,0.0024301797153699,0.0,99.9999978418336,0.0,0.0043973428840593
765.0,155,1,63,0,-62,-0.27728117,0.4741186,0.0024285125045245,0.0,99.99999808311824,0.0,0.0041271716405305
765.5,155,1,63,0,-62,-0.27728117,0.4741186,0.0024268424760522,0.0,99.99999786763212,0.0,0.004353611959749
766.0,155,1,63,0,-62,-0.27728117,0.4741186,0.0024251645497263,0.0,99.99999782131404,0.0,0.0040630383364602
766.5,155,1,63,0,-62,-0.27728117,0.4741186,0.002423504210681,0.0,99.9999981804581,0.0,0.0038426313502268
767.0,154,1,62,0,-61,0.1971311,-0.4697491,0.0024218563087887,0.0,99.99999818490691,0.0,0.0038374990124962
767.5,155,1,63,0,-62,0.32890576,-0.33480746,0.0024202157221743,0.0,99.99999739847269,0.0,0.0045564232818864
768.0,156,1,64,0,-63,0.17854354,-0.56832105,0.0024185976325408,0.0,99.99999822603002,0.0,0.0035559303089683
768.5,157,1,64,0,-63,0.030756384,-0.34687763,0.0024169968918341,0.0,99.9999979405743,0.0,0.0044342802148578
769.0,157,1,64,0,-63,0.030756384,-0.34687763,0.0024153932130381,0.0,99.9999975268792,0.0,0.00490228626027
769.5,157,1,64,0,-63,0.030756384,-0.34687763,0.0024137765144146,0.0,99.9999975137402,0.0,0.0045126812209444
770.0,159,1,66,0,-65,-0.54452085,0.8913385,0.0024121771048021,0.0,99.9999984030026,0.0,0.0029146758919144
770.5,159,1,66,0,-65,-0.54452085,0.8913385,0.0024105798133785,0.0,99.9999973871172,0.0,0.0039787312114877
771.0,159,1,66,0,-65,-0.54452085,0.8913385,0.0024089745784294,0.0,99.99999731792876,0.0,0.0041585391546259
771.5,159,1,66,0,-65,-0.54452085,0.8913385,0.0024073513919455,0.0,99.99999696261142,0.0,0.0042813562771046
772.0,158,1,65,0,-64,-0.49942228,0.8757731,0.0024057354066297,0.0,99.99999773869853,0.0,0.0040447128000381
772.5,158,1,65,0,-64,-0.49942228,0.8757731,0.002404131606414,0.0,99.99999741276422,0.0,0.0041463830656603
773.0,158,1,65,0,-64,-0.49942228,0.8757731,0.0024025449488262,0.0,99.99999741200392,0.0,0.0039205921107436
773.5,159,1,66,0,-65,-0.16486406,0.8446753,0.0024009603841536,0.0,99.9999980666675,0.0,0.0034941882198512
774.0,159,1,66,0,-65,-0.16486406,0.8446753,0.0023993779082581,0.0,99.9999979405018,0.0,0.0038044377412022
774.5,159,1,66,0,-65,-0.16486406,0.8446753,0.0023977975170121,0.0,99.99999802166738,0.0,0.0037000300290877
775.0,159,1,66,0,-65,-0.16486406,0.8446753,0.0023962391089478,0.0,99.9999974739452,0.0,0.00378510641058
775.5,159,1,66,0,-65,-0.16486406,0.8446753,0.00239468272529,0.0,99.99999772668993,0.0,0.0035544050322349
776.0,158,1,65,0,-64,-0.33401743,1.1531317,0.0023931184365512,0.0,99.99999731376398,0.0,0.0039158664294099
776.5,158,1,65,0,-64,-0.33401743,1.1531317,0.0023915363652377,0.0,99.99999900141358,0.0,0.0021479121586218
777.0,157,1,65,0,-64,0.10486736,-1.1822118,0.0023899613339877,0.0,99.99999688025656,0.0,0.004407514832643
777.5,157,1,65,0,-64,0.10486736,-1.1822118,0.0023883883759579,0.0,99.9999976891191,0.0,0.003693717890056
778.0,157,1,65,0,-64,0.10486736,-1.1822118,0.0023868273604047,0.0,99.99999805535334,0.0,0.0034540185902178
778.5,156,1,64,0,-63,-0.2520831,-0.38746375,0.0023852683840323,0.0,99.99999736690212,0.0,0.0047078065607601
779.0,155,1,64,0,-63,0.061138332,0.87492114,0.0023837114428477,0.0,99.99999768176993,0.0,0.0043168719254004
779.5,155,1,64,0,-63,0.061138332,0.87492114,0.0023821565328681,0.0,99.99999768429238,0.0,0.0043191154750135
780.0,155,1,64,0,-63,0.061138332,0.87492114,0.0023806085611139,0.0,99.99999754740878,0.0,0.0044665287893005
780.5,156,1,65,0,-64,0.48788652,-0.21152805,0.0023790527906454,0.0,99.99999605988523,0.0,0.0059387484082603
781.0,157,1,66,0,-65,-0.31488612,0.52620053,0.0023774794597311,0.0,99.99999614357417,0.0,0.0061711779822524
781.5,157,1,66,0,-65,-0.31488612,0.52620053,0.0023759228833903,0.0,99.9999966954968,0.0,0.0053576139093545
782.0,158,1,67,0,-66,-0.009023622,1.1721778,0.0023743781145709,0.0,99.9999965479611,0.0,0.005279709671393
782.5,158,1,67,0,-66,-0.009023622,1.1721778,0.0023728353531905,0.0,99.99999654754107,0.0,0.0052787164701174
783.0,158,1,67,0,-66,-0.009023622,1.1721778,0.0023713043406787,0.0,99.99999542950349,0.0,0.0081300347065244
783.5,159,1,68,0,-67,0.050296783,0.72753936,0.0023697704361897,0.0,99.99999784205204,0.0,0.0035806614461573
784.0,159,1,68,0,-67,0.050296783,0.72753936,0.0023682190746296,0.0,99.999995708581,0.0,0.0054048727486345
784.5,159,1,68,0,-67,0.050296783,0.72753936,0.0023666600356434,0.0,99.99999595942222,0.0,0.0058784921940145
785.0,159,1,68,0,-67,0.050296783,0.72753936,0.0023650982007628,0.0,99.99999595868783,0.0,0.0058776978278188
785.5,159,1,68,0,-67,0.050296783,0.72753936,0.0023635481076254,0.0,99.99999612099742,0.0,0.0056578203564525
786.0,159,1,68,0,-67,0.050296783,0.72753936,0.0023620048795664,0.0,99.99999688616838,0.0,0.0053619921733228
786.5,160,1,68,0,-67,-0.11584142,-0.34610277,0.0023604588371978,0.0,99.99999724977626,0.0,0.0039257346576626
787.0,158,1,67,0,-66,0.008271664,-1.0233325,0.0023589341051994,0.0,99.99999709555162,0.0,0.0040545152515935
787.5,158,1,67,0,-66,0.008271664,-1.0233325,0.0023574113417225,0.0,99.99999672974651,0.0,0.0043860269679954
788.0,159,1,66,0,-65,0.059650823,0.73312265,0.0023558664954546,0.0,99.99999716296271,0.0,0.0038581881630201
788.5,163,1,68,0,-67,-0.27763125,0.64944,0.0023543188694373,0.0,99.99999721828836,0.0,0.0042381583940821
789.0,163,1,68,0,-67,-0.03723833,0.5164899,0.0023527636818101,0.0,99.99999788472503,0.0,0.00387853651592
789.5,163,1,68,0,-67,-0.03723833,0.5164899,0.0023511961761481,0.0,99.99999710221464,0.0,0.0044027110800056
790.0,163,1,68,0,-67,-0.03723833,0.5164899,0.0023496403258547,0.0,99.9999975823968,0.0,0.0049632096235288
790.5,163,1,68,0,-67,-0.03723833,0.5164899,0.002348076977858,0.0,99.99999729090176,0.0,0.0049359786488541
791.0,164,1,69,0,-68,-0.25126356,0.38544142,0.0023465157088449,0.0,99.99999682800431,0.0,0.0050103636043134
791.5,164,1,69,0,-68,-0.25126356,0.38544142,0.0023449898702127,0.0,99.99999881399827,0.0,0.0027813962154768
792.0,165,1,70,0,-69,-0.60074747,0.56748086,0.0023434850506367,0.0,99.99999825077246,0.0,0.0041768350097801
792.5,164,1,69,0,-68,-0.122941464,-0.27833265,0.0023419821611584,0.0,99.99999825151238,0.0,0.0041782423974214
793.0,164,1,69,0,-68,-0.122941464,-0.27833265,0.0023404954386705,0.0,99.999997873079,0.0,0.0047478894533849
793.5,165,1,70,0,-69,-0.71070516,0.7404957,0.0023389868984304,0.0,99.99999797343432,0.0,0.004447622912667
794.0,165,1,70,0,-69,-0.71070516,0.7404957,0.0023374660976266,0.0,99.99999805574218,0.0,0.0040117319131404
794.5,166,1,69,0,-68,0.18906905,-0.8193527,0.0023359425447199,0.0,99.99999787973516,0.0,0.0047659011727494
795.0,165,1,69,0,-68,0.21797861,-0.45519298,0.0023344068098328,0.0,99.99999800679264,0.0,0.004540140239149
795.5,165,1,69,0,-68,0.21797861,-0.45519298,0.0023328872410879,0.0,99.99999815403976,0.0,0.0047304757584241
796.0,164,1,69,0,-68,0.0734283,0.9748954,0.0023313884893249,0.0,99.99999791265115,0.0,0.0052757239803207
796.5,164,1,69,0,-68,0.0734283,0.9748954,0.0023298869580842,0.0,99.99999788932142,0.0,0.0063434018461516
797.0,164,1,69,0,-68,-0.23934212,-0.42709732,0.0023283967555788,0.0,99.99999804061908,0.0,0.0034077551346847
797.5,163,1,68,0,-67,1.6140139,0.6872491,0.0023269131500838,0.0,99.99999729722812,0.0,0.0056483517643538
798.0,164,1,68,0,-67,0.2131144,-0.32529283,0.0023254267480498,0.0,99.9999970837998,0.0,0.0051783751863037
798.5,165,1,69,0,-68,-0.19635367,0.82921875,0.0023239328838516,0.0,99.99999698165172,0.0,0.0052815539066731
799.0,166,1,70,0,-69,-0.2201046,-0.048046753,0.0023224315898996,0.0,99.9999973350829,0.0,0.0048019389463325
799.5,167,1,71,0,-70,-0.08123535,-0.58345866,0.0023209275665456,0.0,99.99999733991277,0.0,0.0047945641857719
800.0,168,1,71,0,-70,-0.0006132126,-0.7005232,0.0023214353907347,0.0,99.9999961045674,0.0,0.0046944168316563
800.5,168,1,71,0,-70,-0.0006132126,-0.7005232,0.0023239464909814,0.0,99.99999751114753,0.0,0.0031356416685286
801.0,168,1,71,0,-70,-0.0006132126,-0.7005232,0.0023264636748491,0.0,99.99999678335946,0.0,0.0060780794471745
801.5,166,1,70,0,-69,-0.36604372,-0.41096473,0.0023289776169403,0.0,99.9999981204397,0.0,0.0033287186081852
802.0,167,1,71,0,-70,1.6850442,0.67154497,0.0023314976715094,0.0,99.99999818342296,0.0,0.0031679721678142
802.5,167,1,71,0,-70,1.6850442,0.67154497,0.0023340191810297,0.0,99.99999647687834,0.0,0.0054711848640249
803.0,167,1,71,0,-70,1.6850442,0.67154497,0.0023365421578677,0.0,99.9999987066845,0.0,0.0022918878713843
803.5,167,1,71,0,-70,1.6850442,0.67154497,0.0023390806552627,0.0,99.9999962400636,0.0,0.0054499717923344
804.0,167,1,71,0,-70,1.6850442,0.67154497,0.0023416159749801,0.0,99.9999970073345,0.0,0.0047302860034375
804.5,167,1,71,0,-70,1.6850442,0.67154497,0.0023441434383967,0.0,99.99999474839628,0.0,0.0067038068881205
805.0,168,1,71,0,-70,1.6810632,0.31064236,0.002344684615953,0.0,99.9999972820484,0.0,0.0044570171647273
805.5,168,1,71,0,-70,1.6810632,0.31064236,0.0023432432162709,0.0,99.99999573423936,0.0,0.0062569947621495
806.0,168,1,71,0,-70,1.6810632,0.31064236,0.0023418129302383,0.0,99.99999517851349,0.0,0.0066040828605718
806.5,167,1,70,0,-69,-0.27915356,0.08091751,0.0023403890547938,0.0,99.99999629349335,0.0,0.0060050664837695
807.0,167,1,70,0,-69,-0.27915356,0.08091751,0.0023389669097943,0.0,99.99999562311793,0.0,0.0063493605879811
807.5,167,1,70,0,-69,-0.27915356,0.08091751,0.0023375464920873,0.0,99.9999969440914,0.0,0.0057814331572777
808.0,167,1,70,0,-69,-0.27915356,0.08091751,0.0023401122298722,0.0,99.9999956659716,0.0,0.0066817115988718
808.5,168,1,71,0,-70,1.6485271,0.32186544,0.0023426748653657,0.0,99.99999565907112,0.0,0.0066850429343287
809.0,168,1,71,0,-70,1.6485271,0.32186544,0.0023452344041912,0.0,99.99999565075068,0.0,0.0066893601321734
809.5,168,1,71,0,-70,1.6485271,0.32186544,0.002347795515353,0.0,99.99999689280712,0.0,0.0057357066080601
810.0,168,1,71,0,-70,1.6485271,0.32186544,0.0023503488799118,0.0,99.99999688679178,0.0,0.0057430231762757
810.5,168,1,71,0,-70,1.6485271,0.32186544,0.0023528898288104,0.0,99.9999966634258,0.0,0.0054521267759137
811.0,166,1,70,0,-69,1.6180744,0.7742975,0.0023554090143961,0.0,99.9999975336382,0.0,0.0050136703013613
811.5,166,1,70,0,-69,1.6180744,0.7742975,0.0023579297772846,0.0,99.99999742500954,0.0,0.0039012278798295
812.0,166,1,70,0,-69,1.6180744,0.7742975,0.0023604568038385,0.0,99.99999791402163,0.0,0.003491260711544
812.5,166,1,70,0,-69,1.6180744,0.7742975,0.0023629854361726,0.0,99.99999791154318,0.0,0.003494711078922
813.0,166,1,70,0,-69,1.6180744,0.7742975,0.0023655016505109,0.0,99.999996949613,0.0,0.0057418250544652
813.5,165,1,70,0,-69,0.43913427,0.28607515,0.0023680054396919,0.0,99.99999695316048,0.0,0.0057394593274285
814.0,165,1,70,0,-69,0.43913427,0.28607515,0.0023705061623283,0.0,99.99999695523556,0.0,0.0057381936649903
814.5,165,1,70,0,-69,0.43913427,0.28607515,0.0023730085088741,0.0,99.99999740998086,0.0,0.0046655451037503
815.0,164,1,69,0,-68,0.57739365,0.073256835,0.0023755078042534,0.0,99.99999791267524,0.0,0.0040013672587472
815.5,164,1,69,0,-68,0.57739365,0.073256835,0.002376050983547,0.0,99.99999786631028,0.0,0.0041165531953407
816.0,163,1,68,0,-67,-0.703935,-0.040075526,0.0023746275480443,0.0,99.99999788605042,0.0,0.0040988895997707
816.5,164,1,69,0,-68,0.6078918,0.0940224,0.0023732151649433,0.0,99.99999777877323,0.0,0.0046968414773528
817.0,163,1,68,0,-67,0.7414639,-0.15610908,0.0023718324718627,0.0,99.99999709407642,0.0,0.0051939270291758
817.5,161,1,67,0,-66,0.16856927,0.42000315,0.0023704467259311,0.0,99.99999833398428,0.0,0.0033880274860063
818.0,161,1,67,0,-66,0.16856927,0.42000315,0.0023690765713072,0.0,99.99999766806646,0.0,0.0042286975904148
818.5,161,1,67,0,-66,0.16856927,0.42000315,0.0023677173043784,0.0,99.99999767329022,0.0,0.0042249590026155
819.0,161,1,68,0,-67,0.30892488,-0.67351055,0.0023683094276781,0.0,99.9999982774854,0.0,0.0036003110520955
819.5,161,1,68,0,-67,0.30892488,-0.67351055,0.0023708774601778,0.0,99.99999819387092,0.0,0.0036550774147555
820.0,161,1,68,0,-67,-0.33308223,0.6950603,0.0023734285843185,0.0,99.99999795506736,0.0,0.0040445294283059
820.5,160,1,67,0,-66,-0.046678543,1.0738696,0.0023759394958773,0.0,99.9999972469589,0.0,0.004386459249408
821.0,160,1,67,0,-66,-0.046678543,1.0738696,0.00237844742632,0.0,99.99999754808395,0.0,0.0040760647515824
821.5,161,1,68,0,-67,0.11300829,-0.18667571,0.0023770270323189,0.0,99.99999635111308,0.0,0.0044355734142971
822.0,161,1,68,0,-67,0.11300829,-0.18667571,0.0023756129825096,0.0,99.999998223781,0.0,0.0030947678714436
822.5,161,1,68,0,-67,0.11300829,-0.18667571,0.0023742145437264,0.0,99.999997695336,0.0,0.0045447351700509
823.0,161,1,68,0,-67,-0.47769752,0.21441889,0.0023728223881851,0.0,99.99999871016888,0.0,0.0038657486046969
823.5,161,1,68,0,-67,-0.47769752,0.21441889,0.0023714272319544,0.0,99.9999979309117,0.0,0.005643735884863
824.0,161,1,68,0,-67,-0.47769752,0.21441889,0.0023700383423006,0.0,99.99999792541948,0.0,0.0056513158983798
824.5,160,1,68,0,-67,-0.34600845,0.65441686,0.0023686510785752,0.0,99.99999742022288,0.0,0.004219443279585
825.0,160,1,68,0,-67,-0.34600845,0.65441686,0.0023672792863062,0.0,99.99999787536504,0.0,0.0041792476363635
825.5,160,1,68,0,-67,-0.34600845,0.65441686,0.0023659183037106,0.0,99.99999763551708,0.0,0.0045806836114721
826.0,160,1,68,0,-67,-0.34600845,0.65441686,0.0023665066271924,0.0,99.99999585044348,0.0,0.0058155622460895
826.5,160,1,68,0,-67,-0.34600845,0.65441686,0.0023690408985614,0.0,99.99999542717696,0.0,0.0061138299878844
827.0,160,1,68,0,-67,-0.34600845,0.65441686,0.0023715445778397,0.0,99.9999968513046,0.0,0.004696057142203
827.5,159,1,67,0,-66,-0.0846726,0.60297257,0.0023740222469799,0.0,99.99999610685047,0.0,0.0047026184638808
828.0,158,1,66,0,-65,0.13869399,0.65998596,0.0023745537995775,0.0,99.99999785190084,0.0,0.0052523655985221
828.5,157,1,65,0,-64,-0.097271055,-0.34404844,0.0023731657487318,0.0,99.99999867585942,0.0,0.0040366815955549
829.0,156,1,64,0,-63,-0.6545365,1.0470114,0.0023717839231091,0.0,99.99999867936248,0.0,0.0040349011372462
829.5,156,1,64,0,-63,-0.6545365,1.0470114,0.002372343479644,0.0,99.99999827373738,0.0,0.0024137899480532
830.0,156,1,64,0,-63,-0.6545365,1.0470114,0.0023747949921874,0.0,99.9999966392245,0.0,0.0043972701592563
830.5,159,1,65,0,-64,0.1926933,-0.3812576,0.002381118447565,0.0,99.99999687680392,0.0,0.0047852170565469
831.0,159,1,65,0,-64,0.1926933,-0.3812576,0.0023874158208411,0.0,99.99999795479135,0.0,0.0055320404793802
831.5,157,1,63,0,-62,0.42245927,0.07075836,0.0023936823813753,0.0,99.99999760951204,0.0,0.0048635598496755
832.0,156,1,62,0,-61,-0.19518384,1.1625094,0.0023999226455231,0.0,99.99999933815708,0.0,0.0021622520810973
832.5,156,1,62,0,-61,-0.19518384,1.1625094,0.0024061458182345,0.0,99.9999989739271,0.0,0.0024693104119016
833.0,157,1,63,0,-62,-0.2959548,0.38842833,0.0024123658375004,0.0,99.99999861208109,0.0,0.0036627032128779
833.5,157,1,63,0,-62,-0.2959548,0.38842833,0.0024185780768347,0.0,99.99999860627634,0.0,0.0036714719900903
834.0,158,1,64,0,-63,-0.38039008,0.32435068,0.0024247731959359,0.0,99.99999785332068,0.0,0.0037168933111352
834.5,158,1,64,0,-63,-0.38039008,0.32435068,0.002430969901084,0.0,99.99999672911164,0.0,0.0064822181386955
835.0,158,1,64,0,-63,0.6381035,0.4734301,0.0024371588700059,0.0,99.99999759411403,0.0,0.0045808688058947
835.5,158,1,64,0,-63,0.6381035,0.4734301,0.0024433354127677,0.0,99.99999562664964,0.0,0.0055461905958551
836.0,158,1,64,0,-63,0.6381035,0.4734301,0.0024494995170271,0.0,99.99999832653684,0.0,0.0026300922320579
836.5,158,1,64,0,-63,0.6381035,0.4734301,0.0024556558928049,0.0,99.99999833065336,0.0,0.0026248487877372
837.0,157,1,63,0,-62,-0.47273353,-0.26008624,0.0024618045546266,0.0,99.99999604377604,0.0,0.0055803669510333
837.5,158,1,64,0,-63,-0.8431177,0.20889136,0.0024679455169817,0.0,99.99999641772249,0.0,0.0051528051739291
838.0,161,1,65,0,-64,-0.45226315,-0.5303312,0.0024740882917466,0.0,99.99999612948577,0.0,0.0054986916275897
838.5,161,1,65,0,-64,-0.45226315,-0.5303312,0.0024802281886661,0.0,99.9999956363829,0.0,0.0057679095568881
839.0,159,1,63,0,-62,-0.26016852,0.92158514,0.0024825312233415,0.0,99.99999562964062,0.0,0.0057730129054556
839.5,159,1,63,0,-62,-0.109849006,0.7353415,0.0024848218955531,0.0,99.99999623630912,0.0,0.0055533192266243
840.0,160,1,64,0,-63,-0.2556471,1.1951109,0.0024851950916439,0.0,99.99999626751854,0.0,0.0059962192424638
840.5,160,1,64,0,-63,-0.2556471,1.1951109,0.0024836638825904,0.0,99.999996515473,0.0,0.0056653272770887
841.0,160,1,64,0,-63,-0.2556471,1.1951109,0.0024878904180841,0.0,99.99999596512924,0.0,0.0062227270615632
841.5,161,1,65,0,-64,-0.13020015,1.2770969,0.0024959340737045,0.0,99.99999738816364,0.0,0.0049270822262974
842.0,162,1,65,0,-64,-0.11018917,1.2523454,0.0025077974738667,0.0,99.99999711220762,0.0,0.005223195347587
842.5,162,1,65,0,-64,-0.11018917,1.2523454,0.0025215650119015,0.0,99.99999805216108,0.0,0.0038962162428139
843.0,161,1,64,0,-63,-0.1700024,1.0741313,0.0025353208926466,0.0,99.99999605683062,0.0,0.0055592198489481
843.5,160,1,64,0,-63,-0.6279309,1.4209472,0.0025452472512282,0.0,99.999995358873,0.0,0.0063339512399267
844.0,160,1,64,0,-63,-0.6279309,1.4209472,0.0025532514895554,0.0,99.99999699715516,0.0,0.0032758337160931
844.5,160,1,64,0,-63,-0.6279309,1.4209472,0.0025593516309201,0.0,99.99999698134847,0.0,0.0032808985457202
845.0,165,1,68,0,-67,-0.5094074,0.15719274,0.0025654494104033,0.0,99.9999959164505,0.0,0.0034714866303448
845.5,165,1,68,0,-67,-0.5094074,0.15719274,0.0025677310387327,0.0,99.9999962982826,0.0,0.0044968409890164
846.0,165,1,68,0,-67,-0.5094074,0.15719274,0.0025699953048162,0.0,99.9999969169995,0.0,0.003957143346374
846.5,165,1,68,0,-67,-0.5094074,0.15719274,0.0025722568609347,0.0,99.99999713076812,0.0,0.005750448684046
847.0,165,1,68,0,-67,-0.5094074,0.15719274,0.0025745010480269,0.0,99.99999793985192,0.0,0.0046022646623734
847.5,165,1,68,0,-67,-0.5094074,0.15719274,0.0025767327484137,0.0,99.99999750355292,0.0,0.0047602501027281
848.0,165,1,68,0,-67,-0.5094074,0.15719274,0.0025789519594346,0.0,99.9999975085464,0.0,0.0047554521143719
848.5,167,1,70,0,-69,0.598168,-0.2518993,0.0025811733536491,0.0,99.99999808598302,0.0,0.0044309215164338
849.0,166,1,69,0,-68,0.74537504,-0.55766577,0.0025833773681748,0.0,99.99999812678271,0.0,0.0044233678197995
849.5,166,1,69,0,-68,0.74537504,-0.55766577,0.0025874861824073,0.0,99.99999780824032,0.0,0.0032491482570125
850.0,165,1,70,0,-69,0.5801611,0.00086547434,0.0025934816782153,0.0,99.99999810161984,0.0,0.0030232265658206
850.5,162,1,68,0,-67,0.24578658,0.64058954,0.0025994797259486,0.0,99.99999660583164,0.0,0.0044014642080693
851.0,161,1,68,0,-67,-0.18528226,-0.6900659,0.0026054754662081,0.0,99.99999659047394,0.0,0.0044134433406768
851.5,161,1,68,0,-67,-0.18528226,-0.6900659,0.0026114541437715,0.0,99.99999860130902,0.0,0.0027796963008124
852.0,162,1,69,0,-68,0.25153828,0.3456695,0.0026174157218557,0.0,99.99999719551344,0.0,0.0045666653647223
852.5,162,1,69,0,-68,0.25153828,0.3456695,0.0026195981396892,0.0,99.99999719314182,0.0,0.0045678763282405
853.0,161,1,68,0,-67,1.3897626,0.6512308,0.0026217779084582,0.0,99.9999971905577,0.0,0.0045695399851725
853.5,164,1,70,0,-69,0.34333363,0.97291213,0.00262393526245,0.0,99.9999968878676,0.0,0.0050488635587132
854.0,163,1,69,0,-68,0.18350919,0.44941533,0.0026242222870643,0.0,99.99999765772615,0.0,0.0035172206724109
854.5,162,1,68,0,-67,0.18817192,0.7315314,0.0026226325285451,0.0,99.99999764973768,0.0,0.0035245382685273
855.0,157,1,64,0,-63,0.7590045,0.30077267,0.0026210545514029,0.0,99.99999752618774,0.0,0.0038222099724697
855.5,157,1,64,0,-63,0.7590045,0.30077267,0.0026194883165935,0.0,99.99999816704492,0.0,0.0031869789596243
856.0,156,1,63,0,-62,1.6547668,0.60832,0.0026179239525017,0.0,99.99999713676674,0.0,0.0036865186993035
856.5,156,1,63,0,-62,1.6547668,0.60832,0.0026163467241236,0.0,99.99999802055176,0.0,0.0039195254845936
857.0,156,1,63,0,-62,1.6547668,0.60832,0.0026147664904731,0.0,99.9999980157306,0.0,0.003925228658288
857.5,157,1,64,0,-63,0.47723207,-1.1829336,0.0026131783672321,0.0,99.9999984946204,0.0,0.0030130475505926
858.0,158,1,65,0,-64,-0.39326003,0.19414695,0.0026115921719679,0.0,99.99999843748236,0.0,0.0034322963496429
858.5,158,1,65,0,-64,-0.39326003,0.19414695,0.0026100469958246,0.0,99.99999823514094,0.0,0.0031052754146226
859.0,156,1,64,0,-63,-0.234712,-0.21089737,0.0026085085281761,0.0,99.99999845275256,0.0,0.0028466920729598
859.5,156,1,64,0,-63,-0.234712,-0.21089737,0.0026069669977427,0.0,99.99999850671207,0.0,0.0025467364260893
860.0,156,1,64,0,-63,-0.234712,-0.21089737,0.0026054272882062,0.0,99.99999860703622,0.0,0.0024576163018712
860.5,159,1,66,0,-65,0.43855065,0.54216564,0.0026038893963422,0.0,99.99999878241978,0.0,0.002306948165981
861.0,159,1,66,0,-65,0.43855065,0.54216564,0.0026023436026964,0.0,99.99999865131024,0.0,0.0034225778461565
861.5,158,1,65,0,-64,0.59811974,0.14635864,0.0026045310631374,0.0,99.99999854921614,0.0,0.0035026986362785
862.0,158,1,65,0,-64,0.59811974,0.14635864,0.0026067013481009,0.0,99.99999784354088,0.0,0.0043589909983313
862.5,160,1,65,0,-64,1.8329258,0.39465636,0.0026088836214286,0.0,99.99999796520773,0.0,0.0028588313173886
863.0,161,1,65,0,-64,-0.12037149,-0.16356586,0.0026110681727178,0.0,99.99999702110615,0.0,0.0039188723664775
863.5,165,1,68,0,-67,0.1802494,0.14088093,0.0026132501461112,0.0,99.9999976252792,0.0,0.0039985837780584
864.0,166,1,69,0,-68,0.33894485,0.15402788,0.0026154246809777,0.0,99.99999823130209,0.0,0.0039884052860106
864.5,166,1,69,0,-68,0.33894485,0.15402788,0.0026175917783821,0.0,99.99999709246062,0.0,0.005038583315124
865.0,166,1,69,0,-68,0.33894485,0.15402788,0.0026197465720337,0.0,99.99999694683444,0.0,0.0052567320010512
865.5,167,1,70,0,-69,0.19721584,0.3720671,0.0026218939284215,0.0,99.99999694374895,0.0,0.0052612276025648
866.0,168,1,71,0,-70,-0.2609605,0.15497983,0.0026240387184892,0.0,99.9999969420626,0.0,0.0052647435936371
866.5,168,1,71,0,-70,-0.2609605,0.15497983,0.0026261712055906,0.0,99.9999979185542,0.0,0.0041900059481976
867.0,168,1,71,0,-70,-0.2609605,0.15497983,0.0026283011313928,0.0,99.99999791971996,0.0,0.0041886283829182
867.5,168,1,71,0,-70,-0.2609605,0.15497983,0.0026304333731603,0.0,99.99999825671038,0.0,0.0038497905777614
868.0,168,1,71,0,-70,-0.2609605,0.15497983,0.0026325679385808,0.0,99.99999734034576,0.0,0.0053302479610232
868.5,167,1,70,0,-69,0.19721584,0.3720671,0.0026346999605905,0.0,99.99999733663262,0.0,0.0053347402201701
869.0,167,1,69,0,-68,-0.3412374,0.1475837,0.0026368148164584,0.0,99.99999727131356,0.0,0.0059974735555554
869.5,168,1,70,0,-69,-0.40408412,0.30814064,0.0026389125019403,0.0,99.9999979737785,0.0,0.0038999168723341
870.0,168,1,70,0,-69,-0.40408412,0.30814064,0.0026410076459941,0.0,99.99999797426688,0.0,0.0039004039832823
870.5,168,1,70,0,-69,-0.40408412,0.30814064,0.0026431148887473,0.0,99.99999827307006,0.0,0.0035577404613725
871.0,167,1,69,0,-68,-0.44319472,0.89434755,0.0026452244843749,0.0,99.9999977627969,0.0,0.004459767606923
871.5,167,1,69,0,-68,-0.44319472,0.89434755,0.0026473315598424,0.0,99.99999776291487,0.0,0.0044607405470822
872.0,167,1,69,0,-68,-0.44319472,0.89434755,0.0026494458825805,0.0,99.99999806588887,0.0,0.0042093453446874
872.5,166,1,68,0,-67,-0.45468882,-0.117894515,0.0026515430507475,0.0,99.99999770948176,0.0,0.0043690165663222
873.0,166,1,68,0,-67,-0.45468882,-0.117894515,0.0026536279436959,0.0,99.99999813709898,0.0,0.0037923064094278
873.5,166,1,68,0,-67,0.020044178,0.27997148,0.0026557054447479,0.0,99.99999768363732,0.0,0.0038927631442633
874.0,165,1,68,0,-67,0.122061804,0.31682867,0.0026577853259371,0.0,99.99999737052823,0.0,0.0033622709203878
874.5,167,1,70,0,-69,0.23268205,0.33718613,0.0026598529365841,0.0,99.99999826097935,0.0,0.0029239313168342
875.0,167,1,70,0,-69,0.23268205,0.33718613,0.0026619375968394,0.0,99.99999735955996,0.0,0.0047262597440828
875.5,167,1,70,0,-69,0.23268205,0.33718613,0.0026621996998374,0.0,99.99999843614997,0.0,0.0028618358302248
876.0,167,1,70,0,-69,0.23268205,0.33718613,0.0026606180848683,0.0,99.99999819017128,0.0,0.0040905431512649
876.5,167,1,70,0,-69,0.23268205,0.33718613,0.0026590432209058,0.0,99.99999865064042,0.0,0.003815887453017
877.0,167,1,69,0,-68,0.09281395,0.43065923,0.0026574604860716,0.0,99.9999985573097,0.0,0.0039902051522374
877.5,167,1,69,0,-68,0.09281395,0.43065923,0.002655865050573,0.0,99.99999858706698,0.0,0.0039592682683675
878.0,167,1,69,0,-68,0.09281395,0.43065923,0.0026542715295994,0.0,99.9999985858719,0.0,0.0039607476255176
878.5,168,1,70,0,-69,1.0020503,-0.046896353,0.0026526702206231,0.0,99.9999989003253,0.0,0.0034547447816375
879.0,167,1,69,0,-68,0.64567435,0.39251268,0.002652902754305,0.0,99.9999984818082,0.0,0.004064655802007
879.5,168,1,69,0,-68,0.7706456,0.18209954,0.002654970674808,0.0,99.99999846119265,0.0,0.0030819758314272
880.0,168,1,69,0,-68,0.7706456,0.18209954,0.002657045824916,0.0,99.99999845697296,0.0,0.0031884061362493
880.5,168,1,69,0,-68,0.7706456,0.18209954,0.0026591185149789,0.0,99.99999842478395,0.0,0.0032600710016505
881.0,170,1,71,0,-70,0.1966373,-1.035472,0.0026611838987437,0.0,99.9999984220625,0.0,0.0032632526826855
881.5,170,1,71,0,-70,0.1966373,-1.035472,0.002663261383985,0.0,99.99999785212604,0.0,0.0034631822777058
882.0,169,1,70,0,-69,0.61306006,0.43424064,0.0026653315734377,0.0,99.99999875285604,0.0,0.0034009762848108
882.5,169,1,70,0,-69,0.61306006,0.43424064,0.0026655798136459,0.0,99.9999975947994,0.0,0.0041443529680492
883.0,168,1,69,0,-68,-0.23162472,-0.08415948,0.0026676267941017,0.0,99.99999873117456,0.0,0.0032736075386101
883.5,169,1,70,0,-69,0.41770685,0.40947622,0.0026696616308379,0.0,99.9999978736538,0.0,0.0048826675164206
884.0,168,1,69,0,-68,-0.33555582,0.16365126,0.0026717085857925,0.0,99.99999845290104,0.0,0.0044144771923527
884.5,169,1,69,0,-68,-0.060015917,-0.8734216,0.0026719524857144,0.0,99.99999771253349,0.0,0.0032807347061808
885.0,168,1,70,0,-69,0.27490947,-0.5744379,0.002670377136347,0.0,99.99999782415388,0.0,0.0033597366666789
885.5,169,1,71,0,-70,1.0098488,-0.42229944,0.0026687988048422,0.0,99.99999664805593,0.0,0.0051936952012099
886.0,169,1,70,0,-69,-0.59226394,-0.4208389,0.0026672271709272,0.0,99.9999969206222,0.0,0.0046702266421426
886.5,168,1,69,0,-68,-0.4657295,-0.3357644,0.0026692743702576,0.0,99.99999733492824,0.0,0.0043319471768197
887.0,168,1,69,0,-68,-0.4657295,-0.3357644,0.0026713239885256,0.0,99.99999783709706,0.0,0.0037831621003927
887.5,168,1,69,0,-68,-0.4657295,-0.3357644,0.0026733857037172,0.0,99.99999731435456,0.0,0.0040957017079751
888.0,167,1,69,0,-68,-0.64672565,-0.24400984,0.0026754305093079,0.0,99.99999774173854,0.0,0.0035714575844501
888.5,168,1,70,0,-69,0.5888419,-0.52340406,0.0026774777509186,0.0,99.9999978755506,0.0,0.0033951665546281
889.0,169,1,71,0,-70,-0.7036903,-0.014621705,0.0026795322735578,0.0,99.9999970989102,0.0,0.003945795949258
889.5,168,1,71,0,-70,-0.20532906,0.99010605,0.0026887929665506,0.0,99.99999807049296,0.0,0.0046360986186618
890.0,168,1,71,0,-70,-0.51459956,0.44177753,0.0026980379709167,0.0,99.99999868661055,0.0,0.0035898088280515
890.5,169,1,72,0,-71,0.58434486,-1.1092063,0.0027072819033886,0.0,99.99999737782586,0.0,0.0056976497693406
891.0,169,1,72,0,-71,0.58434486,-1.1092063,0.002714728347024,0.0,99.99999787156888,0.0,0.0047990421016873
891.5,168,1,71,0,-70,0.13760492,-0.97805315,0.0027167553047842,0.0,99.99999766805998,0.0,0.0047666475007474
892.0,168,1,71,0,-70,0.13760492,-0.97805315,0.0027151959205485,0.0,99.99999816090552,0.0,0.0044522063546337
892.5,166,1,69,0,-68,0.5269433,-0.25273997,0.0027136529653267,0.0,99.99999816316944,0.0,0.0044490988155829
893.0,166,1,69,0,-68,0.5269433,-0.25273997,0.0027120922650553,0.0,99.99999705348128,0.0,0.005613405668626
893.5,166,1,69,0,-68,0.5269433,-0.25273997,0.0027105236214319,0.0,99.99999788502724,0.0,0.0046075561654696
894.0,167,1,70,0,-69,0.1921135,-0.796614,0.0027107519913255,0.0,99.99999683778913,0.0,0.0046281767305183
894.5,167,1,70,0,-69,0.1921135,-0.796614,0.0027127791273893,0.0,99.99999651015786,0.0,0.0051961774798785
895.0,166,1,69,0,-68,-0.0021906197,0.5432117,0.002714813665877,0.0,99.99999646709556,0.0,0.0049934791057484
895.5,166,1,69,0,-68,-0.0021906197,0.5432117,0.0027150878236823,0.0,99.99999784347672,0.0,0.0047112335385069
896.0,166,1,69,0,-68,-0.0021906197,0.5432117,0.0027135705394005,0.0,99.9999978483986,0.0,0.0047043936986653
896.5,165,1,68,0,-67,0.29918793,-0.1084529,0.0027120258206339,0.0,99.99999777685832,0.0,0.0051904318421383
897.0,165,1,68,0,-67,0.29918793,-0.1084529,0.0027104780102407,0.0,99.99999809667864,0.0,0.0049895349966646
897.5,165,1,67,0,-66,-0.81635964,0.24479036,0.0027089174343422,0.0,99.99999771534752,0.0,0.0056634921359757
898.0,165,1,67,0,-66,-0.81635964,0.24479036,0.0027073538162966,0.0,99.99999808042328,0.0,0.0051247644343133
898.5,165,1,67,0,-66,-0.81635964,0.24479036,0.0027057871697466,0.0,99.99999810948044,0.0,0.0050237063811124
899.0,165,1,66,0,-65,-0.5161773,-0.19420634,0.0027042319891902,0.0,99.99999820546446,0.0,0.0048809224393295
899.5,165,1,66,0,-65,-0.5161773,-0.19420634,0.0027026785953207,0.0,99.99999820421245,0.0,0.0048824283680227
900.0,167,1,67,0,-66,0.5965382,-0.012887895,0.0027011414328351,0.0,99.99999779973776,0.0,0.0050554089628688
900.5,166,1,67,0,-66,-0.24512196,-0.044314817,0.0026996252599391,0.0,99.99999769519331,0.0,0.0052182142860486
901.0,167,1,68,0,-67,0.03408377,-0.38412958,0.002698125203695,0.0,99.9999976719704,0.0,0.0054813331624574
901.5,168,1,68,0,-67,-0.3166459,-0.72620183,0.0026966220136913,0.0,99.9999976190835,0.0,0.0057410042360392
902.0,172,1,71,0,-70,0.7006136,-0.7068386,0.002695106114244,0.0,99.99999757156706,0.0,0.0057892616237422
902.5,171,1,70,0,-69,0.090474635,-1.0906454,0.0026935967072335,0.0,99.99999801869954,0.0,0.0051256413239629
903.0,171,1,70,0,-69,0.090474635,-1.0906454,0.0026920937737113,0.0,99.99999801209113,0.0,0.005134696145962
903.5,172,1,71,0,-70,-0.6341717,0.13305216,0.0026905734029271,0.0,99.9999974656937,0.0,0.0055569804630557
904.0,172,1,71,0,-70,-0.6341717,0.13305216,0.0026890547484446,0.0,99.99999849097765,0.0,0.0037533507563514
904.5,172,1,71,0,-70,-0.6341717,0.13305216,0.0026875473425212,0.0,99.99999824424006,0.0,0.0038911599445339
905.0,172,1,71,0,-70,-0.6341717,0.13305216,0.0026860559125143,0.0,99.99999847852378,0.0,0.0038993428440265
905.5,172,1,71,0,-70,-0.6341717,0.13305216,0.0026845899222443,0.0,99.9999984656024,0.0,0.0032488435166989
906.0,172,1,71,0,-70,-0.6341717,0.13305216,0.0026831302832429,0.0,99.99999862809744,0.0,0.0029137022571082
906.5,172,1,71,0,-70,-0.6341717,0.13305216,0.0026852076389466,0.0,99.99999734766176,0.0,0.0044282080972841
907.0,172,1,71,0,-70,-0.6341717,0.13305216,0.0026872827308029,0.0,99.99999735184184,0.0,0.0044274001925477
907.5,172,1,71,0,-70,-0.6341717,0.13305216,0.0026893555625102,0.0,99.99999735470632,0.0,0.0044273352045061
908.0,172,1,71,0,-70,-0.6341717,0.13305216,0.0026914356503006,0.0,99.99999742147878,0.0,0.0044085690985367
908.5,172,1,71,0,-70,-0.6341717,0.13305216,0.0026952606861081,0.0,99.99999863463428,0.0,0.0035180266730069
909.0,172,1,71,0,-70,-0.6341717,0.13305216,0.0027008324918975,0.0,99.99999862669677,0.0,0.0032830975134574
909.5,172,1,70,0,-69,-0.7177992,-0.14339481,0.0027064172434417,0.0,99.99999794318664,0.0,0.0040695163801442
910.0,171,1,70,0,-69,-0.007742703,0.6088589,0.0027119911269575,0.0,99.9999983707305,0.0,0.0034915498580712
910.5,169,1,70,0,-69,0.0834229,-0.6536771,0.0027175493414965,0.0,99.99999849811174,0.0,0.0033876863478075
911.0,169,1,70,0,-69,0.0834229,-0.6536771,0.0027213496485143,0.0,99.99999881373992,0.0,0.0031347138878475
911.5,168,1,70,0,-69,-0.4827867,-0.18179671,0.0027233853775154,0.0,99.99999881584932,0.0,0.0031314571361998
912.0,169,1,70,0,-69,-0.8158194,0.035816476,0.0027271783557049,0.0,99.99999881798408,0.0,0.0031279231715582
912.5,169,1,70,0,-69,-0.8158194,0.035816476,0.0027326968763903,0.0,99.9999985565939,0.0,0.0036023946390404
913.0,167,1,70,0,-69,-0.25842857,-0.42731386,0.0027382044549426,0.0,99.99999840967736,0.0,0.0040800080972841
913.5,167,1,70,0,-69,-0.25842857,-0.42731386,0.0027437010806177,0.0,99.99999842640992,0.0,0.0040545718481398
914.0,167,1,70,0,-69,-0.25842857,-0.42731386,0.002749196395498,0.0,99.9999987052087,0.0,0.0033792800148781
914.5,167,1,70,0,-69,-0.25842857,-0.42731386,0.002758218948543,0.0,99.99999832235208,0.0,0.0038285035004161
915.0,167,1,70,0,-69,-0.25842857,-0.42731386,0.0027672170704675,0.0,99.99999805116852,0.0,0.0043260409556156
915.5,167,1,70,0,-69,-0.25842857,-0.42731386,0.0027762003911918,0.0,99.99999802119956,0.0,0.0043660956415257
916.0,167,1,70,0,-69,-0.25842857,-0.42731386,0.0027851640093749,0.0,99.99999807750238,0.0,0.0039742007721511
916.5,167,1,70,0,-69,-0.25842857,-0.42731386,0.0027923571696177,0.0,99.99999807048884,0.0,0.0039776637611774
917.0,167,1,70,0,-69,-0.25842857,-0.42731386,0.0027978072470031,0.0,99.99999810366424,0.0,0.0045532172688317
917.5,167,1,70,0,-69,-0.25842857,-0.42731386,0.0028032365753297,0.0,99.9999988242314,0.0,0.0036444602910914
918.0,166,1,70,0,-69,-0.09327564,-0.3660158,0.002808645104009,0.0,99.9999982152016,0.0,0.0055251105551656
918.5,167,1,71,0,-70,0.33430848,0.10246143,0.0028140475296295,0.0,99.99999831308936,0.0,0.0060860813606904
919.0,167,1,71,0,-70,0.33430848,0.10246143,0.0028194487846691,0.0,99.9999986405755,0.0,0.0040076271203286
919.5,167,1,71,0,-70,-0.41714862,0.7387791,0.0028231090142324,0.0,99.99999826830388,0.0,0.0033482344432339
920.0,167,1,71,0,-70,-0.41714862,0.7387791,0.0028232971716456,0.0,99.99999855394118,0.0,0.0042321233290886
920.5,167,1,71,0,-70,-0.41714862,0.7387791,0.002821761901857,0.0,99.99999754990928,0.0,0.0054375004700168
921.0,167,1,71,0,-70,-0.41714862,0.7387791,0.0028202283008777,0.0,99.99999753597127,0.0,0.0054405286731886
921.5,165,1,70,0,-69,-0.117976815,0.7706109,0.0028186767366025,0.0,99.99999805899004,0.0,0.0045342221744047
922.0,165,1,70,0,-69,-0.117976815,0.7706109,0.0028171219766834,0.0,99.99999819082704,0.0,0.0042554087580984
922.5,165,1,70,0,-69,-0.117976815,0.7706109,0.0028155787240332,0.0,99.9999977942386,0.0,0.0061439495437079
923.0,165,1,70,0,-69,-0.117976815,0.7706109,0.0028140616173467,0.0,99.99999835980525,0.0,0.0052758023429625
923.5,164,1,69,0,-68,-0.70494306,0.6548183,0.0028125314868024,0.0,99.9999984470191,0.0,0.004927438953418
924.0,165,1,70,0,-69,0.10593462,0.35667694,0.0028109932581304,0.0,99.9999983651648,0.0,0.0049999308805713
924.5,165,1,70,0,-69,0.10593462,0.35667694,0.002809446960626,0.0,99.99999793679132,0.0,0.0053029710676311
925.0,165,1,70,0,-69,0.10593462,0.35667694,0.0028079072332661,0.0,99.99999795106493,0.0,0.0050733034310549
925.5,167,1,71,0,-70,0.47093222,0.21979421,0.0028063837864166,0.0,99.9999978319504,0.0,0.004283561056988
926.0,167,1,71,0,-70,0.47093222,0.21979421,0.0028048668511168,0.0,99.99999833307623,0.0,0.0038169911921325
926.5,167,1,71,0,-70,0.47093222,0.21979421,0.0028033369926202,0.0,99.99999751375222,0.0,0.0058836474272379
927.0,167,1,71,0,-70,0.47093222,0.21979421,0.0028017894071939,0.0,99.99999906063908,0.0,0.0024931159521819
927.5,165,1,70,0,-69,-0.26804385,1.1144459,0.0028002483728637,0.0,99.99999766535416,0.0,0.0063166012706767
928.0,166,1,70,0,-69,-0.59291303,-0.31719905,0.0027987041947718,0.0,99.99999756440708,0.0,0.0063559322860854
928.5,165,1,69,0,-68,0.19343442,-0.43662566,0.0027971665514858,0.0,99.999997447571,0.0,0.0065618845087381
929.0,164,1,68,0,-67,-0.4746714,-0.47268337,0.0027956305968731,0.0,99.99999834648332,0.0,0.0056089181375647
929.5,164,1,68,0,-67,-0.4746714,-0.47268337,0.0027940866839938,0.0,99.99999809259118,0.0,0.0061668899864635
930.0,164,1,68,0,-67,-0.4746714,-0.47268337,0.0027925348420035,0.0,99.999997292917,0.0,0.0072153877630587
930.5,164,1,68,0,-67,-0.4746714,-0.47268337,0.0027909847228495,0.0,99.99999826807912,0.0,0.005887511362882
931.0,164,1,68,0,-67,-0.4746714,-0.47268337,0.0027894363236642,0.0,99.99999907139632,0.0,0.0026685664084975
931.5,164,1,68,0,-67,-0.4746714,-0.47268337,0.0027878896415865,0.0,99.99999906400446,0.0,0.0027060975399559
932.0,163,1,67,0,-66,0.19901125,-0.39718455,0.0027863254923827,0.0,99.99999767904283,0.0,0.0062211067919187
932.5,163,1,67,0,-66,0.19901125,-0.39718455,0.0027847487275985,0.0,99.999998207485,0.0,0.0034465999666728
933.0,163,1,67,0,-66,0.19901125,-0.39718455,0.0027831689619072,0.0,99.99999821660012,0.0,0.0037390718840341
933.5,163,1,69,0,-68,-0.2552642,-1.0305691,0.0027815957666139,0.0,99.9999980714516,0.0,0.0041864878027706
934.0,163,1,69,0,-68,-0.2552642,-1.0305691,0.0027800195751841,0.0,99.99999860573794,0.0,0.0036425849396326
934.5,165,1,70,0,-69,-0.21063581,0.16466302,0.0027784594737916,0.0,99.99999836080528,0.0,0.0045686914399017
935.0,163,1,69,0,-68,0.72172236,-0.5971652,0.0027769154112802,0.0,99.99999804834174,0.0,0.0049316222308013
935.5,162,1,68,0,-67,0.504658,0.16958795,0.0027753730639672,0.0,99.99999806223695,0.0,0.0049132534942119
936.0,162,1,68,0,-67,0.504658,0.16958795,0.0027772352374784,0.0,99.99999869857608,0.0,0.0030507719043459
936.5,162,1,68,0,-67,0.504658,0.16958795,0.0027825151882521,0.0,99.99999894509176,0.0,0.0026136863250063
937.0,162,1,68,0,-67,0.504658,0.16958795,0.00278779394626,0.0,99.99999820193234,0.0,0.0038990127463882
937.5,162,1,68,0,-67,0.504658,0.16958795,0.0027930524317344,0.0,99.99999786449216,0.0,0.0039981267246999
938.0,163,1,68,0,-67,-0.04922241,-0.5220018,0.0027983049485723,0.0,99.99999852205036,0.0,0.0037776680268923
938.5,163,1,68,0,-67,-0.04922241,-0.5220018,0.0028035610863671,0.0,99.99999799899172,0.0,0.0043984296370141
939.0,163,1,68,0,-67,-0.04922241,-0.5220018,0.0028088304849458,0.0,99.99999806292853,0.0,0.0039253674088563
939.5,163,1,68,0,-67,-0.04922241,-0.5220018,0.002814089218062,0.0,99.9999981305676,0.0,0.0038141636063164
940.0,163,1,68,0,-67,-0.04922241,-0.5220018,0.0028125341119965,0.0,99.99999763998728,0.0,0.0039509634646709
940.5,162,1,67,0,-66,0.3673988,1.0849397,0.0028109711402417,0.0,99.99999764196328,0.0,0.0040114680915587
941.0,162,1,67,0,-66,0.3673988,1.0849397,0.002811142346026,0.0,99.99999873295272,0.0,0.0028308461958259
941.5,162,1,67,0,-66,0.3673988,1.0849397,0.0028130161595177,0.0,99.999997893098,0.0,0.0048783536153529
942.0,162,1,67,0,-66,0.3673988,1.0849397,0.0028148831415048,0.0,99.99999843372974,0.0,0.0040214682537246
942.5,162,1,68,0,-67,1.4078901,0.005554229,0.0028167432936505,0.0,99.9999984210109,0.0,0.0040335708196374
943.0,163,1,68,0,-67,0.9181696,-0.06032391,0.0028185918260837,0.0,99.99999893974892,0.0,0.003534002789725
943.5,162,1,67,0,-66,0.29817098,-0.105788514,0.0028204383233003,0.0,99.99999861695376,0.0,0.0038066116629077
944.0,163,1,67,0,-66,-0.6114521,-0.2884382,0.0028222588259267,0.0,99.99999874221967,0.0,0.0036656110179475
944.5,162,1,67,0,-66,-0.87281597,0.59605986,0.0028240437455237,0.0,99.9999978880192,0.0,0.0052325208070919
945.0,163,1,67,0,-66,-0.83772373,0.84105945,0.0028258410099752,0.0,99.99999888572876,0.0,0.0037855800294864
945.5,163,1,67,0,-66,-0.83772373,0.84105945,0.0028276554193338,0.0,99.99999865641446,0.0,0.0041379614364225
946.0,163,1,67,0,-66,-0.83772373,0.84105945,0.0028277926782365,0.0,99.99999862246833,0.0,0.002865954578803
946.5,163,1,67,0,-66,-0.83772373,0.84105945,0.0028262459866968,0.0,99.9999979789834,0.0,0.0043464661353727
947.0,163,1,67,0,-66,-0.83772373,0.84105945,0.0028246914248867,0.0,99.99999809936408,0.0,0.0045487322037094
947.5,163,1,67,0,-66,-0.83772373,0.84105945,0.002823143347683,0.0,99.99999831263884,0.0,0.0038871570509483
948.0,163,1,67,0,-66,-0.83772373,0.84105945,0.0028215874261002,0.0,99.9999987215185,0.0,0.0031838053464466
948.5,163,1,67,0,-66,-0.83772373,0.84105945,0.0028200475133229,0.0,99.99999869712082,0.0,0.0033695406135628
949.0,163,1,67,0,-66,-0.83772373,0.84105945,0.0028185235597496,0.0,99.99999773778804,0.0,0.0043786215518121
949.5,163,1,67,0,-66,-0.83772373,0.84105945,0.0028170012523756,0.0,99.99999773547138,0.0,0.004376469607051
950.0,162,1,66,0,-65,-0.516042,-0.4981832,0.0028154710895485,0.0,99.99999781053992,0.0,0.0042512432696435
950.5,162,1,66,0,-65,-0.516042,-0.4981832,0.0028139425881527,0.0,99.99999781057264,0.0,0.0042499964540401
951.0,162,1,66,0,-65,-0.516042,-0.4981832,0.0028124157454839,0.0,99.99999781119098,0.0,0.0042482134955233
951.5,162,1,66,0,-65,-0.516042,-0.4981832,0.0028108858248156,0.0,99.99999792915474,0.0,0.0043098040240114
952.0,162,1,66,0,-65,-0.516042,-0.4981832,0.0028093812123262,0.0,99.99999768425246,0.0,0.004355533150457
952.5,162,1,66,0,-65,-0.516042,-0.4981832,0.0028078782097547,0.0,99.99999893003168,0.0,0.0027996891522426
953.0,162,1,66,0,-65,-0.516042,-0.4981832,0.002806357939269,0.0,99.99999844355192,0.0,0.0039579217954229
953.5,163,1,66,0,-65,-0.11514768,0.19595139,0.0028048346004665,0.0,99.99999793249962,0.0,0.0058186701515074
954.0,163,1,66,0,-65,-0.11514768,0.19595139,0.0028033270402644,0.0,99.99999829559788,0.0,0.0038393999117104
954.5,163,1,66,0,-65,-0.11514768,0.19595139,0.0028018210997777,0.0,99.9999972242168,0.0,0.0040644494150661
955.0,164,1,67,0,-66,-0.86172235,0.3292161,0.0028003214748919,0.0,99.99999842418823,0.0,0.0027908812665776
955.5,164,1,67,0,-66,-0.86172235,0.3292161,0.002798828147927,0.0,99.99999842802134,0.0,0.0027858250000018
956.0,164,1,67,0,-66,-0.86172235,0.3292161,0.0027973551668943,0.0,99.9999987444154,0.0,0.0025809687481958
956.5,164,1,67,0,-66,-0.69278216,-0.45238912,0.0027958790518468,0.0,99.9999977772332,0.0,0.0041751940098891
957.0,165,1,67,0,-66,0.32652748,0.17438696,0.0027943951365134,0.0,99.99999853419985,0.0,0.0032065286850049
957.5,165,1,67,0,-66,0.32652748,0.17438696,0.0027929034482066,0.0,99.99999834893836,0.0,0.0036968297162534
958.0,165,1,67,0,-66,0.32652748,0.17438696,0.0027914133516194,0.0,99.999998400223,0.0,0.0035560040651368
958.5,165,1,67,0,-66,0.32652748,0.17438696,0.0027899295078925,0.0,99.99999854365372,0.0,0.0034172515743706
959.0,166,1,68,0,-67,-0.48518828,0.19527602,0.0027884518996224,0.0,99.99999871102968,0.0,0.0040062349596242
959.5,166,1,68,0,-67,-0.48518828,0.19527602,0.0027869944710972,0.0,99.99999803165264,0.0,0.0045466963116672
960.0,167,1,69,0,-68,0.2772063,0.06458606,0.0027855525124214,0.0,99.99999805238532,0.0,0.0045280560966422
960.5,167,1,69,0,-68,0.2772063,0.06458606,0.0027841074008213,0.0,99.99999846352355,0.0,0.0037621471600739
961.0,167,1,69,0,-68,0.2772063,0.06458606,0.0027826545090173,0.0,99.99999870195975,0.0,0.0041840768159267
961.5,167,1,69,0,-68,0.2772063,0.06458606,0.0027811892291823,0.0,99.99999774199952,0.0,0.0057142490251656
962.0,167,1,69,0,-68,0.2772063,0.06458606,0.0027797301213487,0.0,99.999998189207,0.0,0.0049193211824682
962.5,167,1,69,0,-68,0.2772063,0.06458606,0.0027782679189125,0.0,99.99999810344332,0.0,0.0048119759421443
963.0,168,1,70,0,-69,-0.1286223,0.53098506,0.0027768072539722,0.0,99.999998085442,0.0,0.0048493583687275
963.5,168,1,70,0,-69,-0.1286223,0.53098506,0.0027753481241041,0.0,99.99999806876076,0.0,0.0048851449090756
964.0,169,1,71,0,-70,-0.7692046,-0.81344,0.002773899747374,0.0,99.99999822712157,0.0,0.0043437434539161
964.5,168,1,70,0,-69,-0.5405046,0.4116973,0.0027724528815901,0.0,99.99999820729612,0.0,0.0043833024810895
965.0,168,1,70,0,-69,-0.5405046,0.4116973,0.0027710075243895,0.0,99.99999908282616,0.0,0.0030678267547027
965.5,168,1,70,0,-69,-0.5405046,0.4116973,0.0027695636734138,0.0,99.99999907069784,0.0,0.0031093040902016
966.0,166,1,69,0,-68,0.2246217,0.06741817,0.0027681213263099,0.0,99.99999905850504,0.0,0.0031499383273495
966.5,166,1,69,0,-68,0.2246217,0.06741817,0.0027666575494608,0.0,99.99999866179164,0.0,0.0045078600778701
967.0,166,1,69,0,-68,0.2246217,0.06741817,0.0027651953198779,0.0,99.99999783868194,0.0,0.0053057226289323
967.5,168,1,71,0,-70,0.31077403,0.16652416,0.0027637300585864,0.0,99.999998813076,0.0,0.0041567288199976
968.0,169,1,72,0,-71,0.00952667,0.38185167,0.0027622709210162,0.0,99.99999848748656,0.0,0.0029549837807147
968.5,170,1,73,0,-72,0.005106941,-0.24161209,0.0027608224571154,0.0,99.99999826345156,0.0,0.0045513113112958
969.0,168,1,71,0,-70,-0.45452634,-0.3337797,0.0027593800736055,0.0,99.99999826743924,0.0,0.0045451635308449
969.5,168,1,71,0,-70,-0.45452634,-0.3337797,0.0027579574259945,0.0,99.99999700409516,0.0,0.004500740264115
970.0,168,1,71,0,-70,-0.45452634,-0.3337797,0.0027565271391575,0.0,99.99999842815032,0.0,0.0039663095598645
970.5,168,1,71,0,-70,-0.45452634,-0.3337797,0.0027550983350556,0.0,99.99999730030402,0.0,0.0043843602134713
971.0,167,1,70,0,-69,0.07038988,-0.57504964,0.0027536846412372,0.0,99.99999803787132,0.0,0.004242871864002
971.5,168,1,70,0,-69,-0.19808128,0.22281282,0.0027522587815854,0.0,99.99999852826814,0.0,0.0040690585219642
972.0,168,1,70,0,-69,-0.19808128,0.22281282,0.002750847999578,0.0,99.99999781184567,0.0,0.0047794053420959
972.5,166,1,68,0,-67,-0.07494649,-0.5053337,0.0027494296045532,0.0,99.99999783846812,0.0,0.0046842522803128
973.0,165,1,67,0,-66,0.44388762,-0.25663298,0.0027480036222935,0.0,99.99999716623913,0.0,0.0050424290263191
973.5,166,1,67,0,-66,-0.14262316,0.058435187,0.0027465745985459,0.0,99.99999716755204,0.0,0.0050405384308853
974.0,166,1,67,0,-66,-0.14262316,0.058435187,0.0027451515754604,0.0,99.99999747876674,0.0,0.0048490818907194
974.5,166,1,67,0,-66,0.27753574,-0.6809255,0.002743743557792,0.0,99.99999731381112,0.0,0.0053108739088873
975.0,165,1,66,0,-65,-0.26304427,0.123037465,0.0027423414897043,0.0,99.99999732440078,0.0,0.0053624510502024
975.5,165,1,67,0,-66,-0.6978388,-0.20239942,0.0027409363524689,0.0,99.9999976556072,0.0,0.0040094519113839
976.0,165,1,67,0,-66,-0.6978388,-0.20239942,0.0027395236610147,0.0,99.99999810592996,0.0,0.0036038498294745
976.5,165,1,67,0,-66,-0.6978388,-0.20239942,0.0027381259012929,0.0,99.99999821096218,0.0,0.0034042953841067
977.0,165,1,67,0,-66,-0.6978388,-0.20239942,0.0027367654678901,0.0,99.99999723897994,0.0,0.0045591770341925
977.5,166,1,68,0,-67,1.1453507,-0.20894198,0.0027353974193188,0.0,99.9999977782842,0.0,0.0048038390063266
978.0,165,1,68,0,-67,1.0171366,-0.24198975,0.0027340262591018,0.0,99.99999778050436,0.0,0.0048032468296734
978.5,165,1,68,0,-67,1.0171366,-0.24198975,0.0027326475244898,0.0,99.99999776301112,0.0,0.0049519123638151
979.0,166,1,68,0,-67,-0.25668955,-0.115527585,0.0027312657100963,0.0,99.99999769531364,0.0,0.0048729327107958
979.5,167,1,68,0,-67,0.9717667,0.163832,0.0027298897575975,0.0,99.99999770680338,0.0,0.004862298772627
980.0,167,1,67,0,-66,-0.15882036,-0.24779318,0.0027285062695156,0.0,99.9999981371904,0.0,0.0031914888330253
980.5,166,1,67,0,-66,-0.32744148,-0.06078331,0.002727128639099,0.0,99.999998144207,0.0,0.0037619823953793
981.0,166,1,67,0,-66,-0.32744148,-0.06078331,0.0027290009015011,0.0,99.99999778719368,0.0,0.0047844955179879
981.5,166,1,67,0,-66,-0.32744148,-0.06078331,0.002734113575894,0.0,99.99999779735414,0.0,0.0047754699908142
982.0,164,1,66,0,-65,-0.2589949,0.10764075,0.0027392120075046,0.0,99.99999788958806,0.0,0.004726215577694
982.5,166,1,68,0,-67,-0.22011012,-0.15022083,0.0027442961687473,0.0,99.99999863665332,0.0,0.0037080546512594
983.0,166,1,68,0,-67,-0.22011012,-0.15022083,0.0027493705131234,0.0,99.99999822028173,0.0,0.0046376255354864
983.5,166,1,68,0,-67,-0.3379356,0.47978103,0.0027512086422809,0.0,99.9999976094765,0.0,0.0045674438383888
984.0,166,1,67,0,-66,0.11101687,0.13296166,0.0027498245745423,0.0,99.99999833830006,0.0,0.003935756149474
984.5,166,1,67,0,-66,0.11101687,0.13296166,0.0027484463711232,0.0,99.99999834135384,0.0,0.0039356430827472
985.0,166,1,67,0,-66,0.11101687,0.13296166,0.0027470606126156,0.0,99.99999803193936,0.0,0.0050677901395853
985.5,167,1,68,0,-67,-0.73602796,0.082610354,0.0027456762507945,0.0,99.99999803783702,0.0,0.0050590192588271
986.0,166,1,68,0,-67,0.37989938,-0.22251327,0.0027442754479148,0.0,99.99999829704127,0.0,0.0039330819821353
986.5,166,1,68,0,-67,0.37989938,-0.22251327,0.0027428894367089,0.0,99.99999832877212,0.0,0.0038540109418725
987.0,165,1,67,0,-66,1.0306973,-0.680874,0.0027415092747092,0.0,99.99999832791298,0.0,0.0038526913878227
987.5,166,1,68,0,-67,0.18608274,-0.5727457,0.0027401216101337,0.0,99.99999684475682,0.0,0.0057236790147597
988.0,166,1,68,0,-67,0.18608274,-0.5727457,0.0027387264678698,0.0,99.99999763385276,0.0,0.0049372640305037
988.5,166,1,68,0,-67,0.4005986,-1.0838927,0.0027373238729,0.0,99.99999764278486,0.0,0.0049244993230863
989.0,166,1,68,0,-67,0.4005986,-1.0838927,0.0027359404410549,0.0,99.99999790561829,0.0,0.003864513572809
989.5,165,1,67,0,-66,-0.23147908,-0.2841267,0.0027345539795127,0.0,99.9999979252832,0.0,0.0040908508084056
990.0,165,1,67,0,-66,-0.23147908,-0.2841267,0.0027331689224615,0.0,99.99999731202284,0.0,0.0045409221058492
990.5,164,1,66,0,-65,1.3123562,0.6732701,0.002731802941419,0.0,99.99999762417464,0.0,0.0042356727630326
991.0,165,1,67,0,-66,0.72309434,0.1071749,0.002730451567221,0.0,99.9999977296821,0.0,0.0039975700790275
991.5,165,1,67,0,-66,0.72309434,0.1071749,0.0027290927099777,0.0,99.99999773591496,0.0,0.0041133498948156
992.0,165,1,67,0,-66,0.72309434,0.1071749,0.0027293678364188,0.0,99.99999736630696,0.0,0.0046829297473065
992.5,165,1,67,0,-66,0.72309434,0.1071749,0.0027312569108709,0.0,99.99999816655637,0.0,0.0035172517049472
993.0,165,1,67,0,-66,0.72309434,0.1071749,0.002733126493418,0.0,99.99999854040796,0.0,0.0031848646616347
993.5,165,1,67,0,-66,1.7346692,0.5993207,0.0027349942187769,0.0,99.99999826333944,0.0,0.0034687520693888
994.0,166,1,68,0,-67,1.3983445,0.55802834,0.0027368600897135,0.0,99.99999825668452,0.0,0.0034745351600903
994.5,166,1,68,0,-67,1.3983445,0.55802834,0.0027387241089883,0.0,99.99999825115144,0.0,0.0034793797518493
995.0,166,1,68,0,-67,1.3983445,0.55802834,0.0027405862793562,0.0,99.99999824663692,0.0,0.0034833579559325
995.5,166,1,68,0,-67,1.3983445,0.55802834,0.0027424377761147,0.0,99.99999830999344,0.0,0.0034332488957618
996.0,166,1,68,0,-67,1.3983445,0.55802834,0.002744305084364,0.0,99.9999958211401,0.0,0.006062071917866
996.5,166,1,68,0,-67,1.3983445,0.55802834,0.0027461617244866,0.0,99.99999855836973,0.0,0.0035631830693752
997.0,166,1,68,0,-67,1.3983445,0.55802834,0.0027480121105375,0.0,99.9999979046828,0.0,0.0053951900834298
997.5,166,1,68,0,-67,1.3983445,0.55802834,0.0027498518260333,0.0,99.99999885288273,0.0,0.0027232165577661
998.0,166,1,69,0,-68,1.685869,0.8829686,0.0027516985397053,0.0,99.99999704725042,0.0,0.0067953842870496
998.5,166,1,69,0,-68,1.685869,0.8829686,0.0027535566773749,0.0,99.9999970491924,0.0,0.0067941684924885
999.0,166,1,69,0,-68,1.5308459,0.41566512,0.0027538223920884,0.0,99.99999788400396,0.0,0.0046356831787945
999.5,166,1,69,0,-68,0.047676653,0.64352113,0.002752475945893,0.0,99.99999781361834,0.0,0.004745999997259
1000.0,166,1,69,0,-68,0.047676653,0.64352113,0.002751108775348,0.0,99.99999795531856,0.0,0.0048650945865315
1000.5,165,1,68,0,-67,0.17636603,-0.0047899336,0.0027497253477593,0.0,99.9999973849248,0.0,0.0055588734503226
1001.0,165,1,68,0,-67,-0.476653,-0.21032418,0.0027483521092041,0.0,99.99999797097948,0.0,0.0048497222907406
1001.5,165,1,68,0,-67,-0.476653,-0.21032418,0.0027469802415806,0.0,99.9999979757571,0.0,0.0048452498373465
1002.0,165,1,68,0,-67,-0.476653,-0.21032418,0.0027456185237303,0.0,99.99999716542293,0.0,0.0068350611053134
1002.5,165,1,68,0,-67,-0.476653,-0.21032418,0.0027442493830633,0.0,99.99999704060453,0.0,0.0070185202076244
1003.0,165,1,68,0,-67,-0.476653,-0.21032418,0.0027428947523966,0.0,99.99999798780206,0.0,0.0047044211716483
1003.5,165,1,68,0,-67,-0.476653,-0.21032418,0.0027415370810054,0.0,99.99999809023788,0.0,0.0043783539563899
1004.0,166,1,69,0,-68,0.2739852,-0.42800015,0.0027417722892681,0.0,99.99999752205396,0.0,0.0063194291624491
1004.5,166,1,69,0,-68,0.2739852,-0.42800015,0.0027435936291203,0.0,99.999997281511,0.0,0.0058943022065945
1005.0,167,1,69,0,-68,-0.60055697,-0.23478352,0.0027454087741478,0.0,99.99999728116563,0.0,0.0058965173994232
1005.5,166,1,69,0,-68,-0.66581666,0.17668875,0.0027472133472499,0.0,99.99999652156544,0.0,0.005050018770811
1006.0,167,1,69,0,-68,-0.2349968,0.6071796,0.0027490248606773,0.0,99.99999682366422,0.0,0.0048065528001964
1006.5,167,1,69,0,-68,-0.2349968,0.6071796,0.0027508345630901,0.0,99.99999640350524,0.0,0.005211140781687
1007.0,166,1,69,0,-68,-0.66581666,0.17668875,0.0027526293178889,0.0,99.99999759903972,0.0,0.0043134544858317
1007.5,165,1,69,0,-68,0.099897265,0.06727463,0.0027544091219923,0.0,99.99999760266812,0.0,0.0043096360013421
1008.0,166,1,70,0,-69,-0.14372483,-0.08850069,0.0027561827345974,0.0,99.9999975341897,0.0,0.0041995751733888
1008.5,166,1,70,0,-69,-0.14372483,-0.08850069,0.0027579545382332,0.0,99.9999976739753,0.0,0.0043429112753188
1009.0,165,1,69,0,-68,-0.1654846,0.8757005,0.002759728917767,0.0,99.99999767468012,0.0,0.0043424021175366
1009.5,164,1,68,0,-67,-0.33483222,0.6571442,0.0027646887979317,0.0,99.99999686461504,0.0,0.0057872787936578
1010.0,164,1,68,0,-67,-0.33483222,0.6571442,0.0027664755197055,0.0,99.99999677413838,0.0,0.0059627007283428
1010.5,164,1,68,0,-67,-0.33483222,0.6571442,0.0027682516730799,0.0,99.99999701501253,0.0,0.0055651805627291
1011.0,164,1,68,0,-67,-0.33483222,0.6571442,0.0027700348155977,0.0,99.99999810761965,0.0,0.0043290755647977
1011.5,163,1,67,0,-66,-0.06326902,0.2904832,0.002771803002417,0.0,99.99999718783204,0.0,0.006009593041137
1012.0,164,1,67,0,-66,-0.27084675,-0.6550915,0.0027735825758223,0.0,99.99999778653252,0.0,0.0058322774131517
1012.5,165,1,67,0,-66,-0.50402987,0.6251765,0.002775373544076,0.0,99.9999975618594,0.0,0.0052963221862796
1013.0,165,1,67,0,-66,-0.50402987,0.6251765,0.0027771671313729,0.0,99.99999757206412,0.0,0.0052861250439037
1013.5,164,1,67,0,-66,-0.18421134,-0.19453214,0.0027758150004663,0.0,99.99999782593528,0.0,0.0054466385121558
1014.0,164,1,67,0,-66,-0.18421134,-0.19453214,0.0027744641855541,0.0,99.99999776872592,0.0,0.0055420400884904
1014.5,164,1,67,0,-66,-0.18421134,-0.19453214,0.0027731103053579,0.0,99.99999794299178,0.0,0.0051886667453661
1015.0,163,1,67,0,-66,-0.6024587,-0.2744137,0.0027717577458474,0.0,99.99999726369262,0.0,0.0050040584978655
1015.5,164,1,68,0,-67,0.58757234,-0.28248292,0.0027703933927064,0.0,99.9999974104086,0.0,0.0050713989175344
1016.0,166,1,70,0,-69,-0.6131629,0.68260485,0.0027690478480745,0.0,99.99999691103253,0.0,0.0054150801898108
1016.5,165,1,69,0,-68,-0.6672412,-0.41256583,0.0027677123344455,0.0,99.9999963492798,0.0,0.0060622950268316
1017.0,165,1,69,0,-68,-0.6672412,-0.41256583,0.0027663868246888,0.0,99.99999709060658,0.0,0.0055318334276185
1017.5,165,1,69,0,-68,-0.6672412,-0.41256583,0.002765071291915,0.0,99.99999681019648,0.0,0.0057523329396617
1018.0,166,1,70,0,-69,-0.044760585,-0.58235633,0.0027637570097282,0.0,99.99999788384054,0.0,0.0046982259374656
1018.5,167,1,70,0,-69,-0.19605169,-0.09824322,0.0027624439763461,0.0,99.9999979044356,0.0,0.0046768075829775
1019.0,167,1,70,0,-69,-0.19605169,-0.09824322,0.0027611278483958,0.0,99.9999980402414,0.0,0.0044347416003385
1019.5,167,1,70,0,-69,-0.19605169,-0.09824322,0.0027598086365036,0.0,99.99999805922673,0.0,0.004410180431669
1020.0,167,1,70,0,-69,-0.19605169,-0.09824322,0.0027584863513048,0.0,99.99999833301015,0.0,0.0037549170644701
1020.5,167,1,70,0,-69,-0.19605169,-0.09824322,0.0027571610034433,0.0,99.99999835306504,0.0,0.0037384607534965
1021.0,168,1,71,0,-70,-0.5143206,-0.103065476,0.0027558542284942,0.0,99.99999747763636,0.0,0.0044225752549711
1021.5,166,1,70,0,-69,0.16422996,-0.42888838,0.0027545486916678,0.0,99.9999975128576,0.0,0.0043980058193229
1022.0,166,1,70,0,-69,0.16422996,-0.42888838,0.002753235757571,0.0,99.99999829540316,0.0,0.0039186329424635
1022.5,166,1,70,0,-69,0.16422996,-0.42888838,0.0027519240744774,0.0,99.9999982807324,0.0,0.0039308426643139
1023.0,166,1,71,0,-70,-0.5406382,0.22408994,0.0027506136406,0.0,99.9999982662305,0.0,0.0039431886473633
1023.5,167,1,72,0,-71,0.37992552,-0.28509343,0.0027493130631512,0.0,99.99999666485122,0.0,0.0065287090350525
1024.0,167,1,72,0,-71,0.37992552,-0.28509343,0.0027480094145926,0.0,99.99999674580226,0.0,0.0058375906474754
1024.5,168,1,72,0,-71,0.51378274,-0.76640195,0.0027467027054083,0.0,99.99999670810296,0.0,0.0058754454861111
1025.0,168,1,72,0,-71,0.51378274,-0.76640195,0.0027453886538527,0.0,99.99999691672004,0.0,0.0055746538392829
1025.5,168,1,72,0,-71,0.51378274,-0.76640195,0.0027440715708872,0.0,99.99999681926562,0.0,0.005650463058679
1026.0,169,1,72,0,-71,0.63648677,-0.8125883,0.0027427343311929,0.0,99.999997809065,0.0,0.0041288714332855
1026.5,169,1,72,0,-71,0.63648677,-0.8125883,0.0027413983941899,0.0,99.9999978130894,0.0,0.0041249680992146
1027.0,170,1,73,0,-72,-0.050131172,-0.24908848,0.002740055206807,0.0,99.99999769100818,0.0,0.0044079686804202
1027.5,170,1,73,0,-72,-0.050131172,-0.24908848,0.0027387176063982,0.0,99.99999687052949,0.0,0.0051229357547248
1028.0,169,1,73,0,-72,-0.14934868,-1.0403205,0.0027373855785299,0.0,99.99999687169236,0.0,0.0051228985186764
1028.5,169,1,73,0,-72,-0.14934868,-1.0403205,0.0027360591088487,0.0,99.99999799526483,0.0,0.0038720373891193
1029.0,169,1,73,0,-72,-0.14934868,-1.0403205,0.002734733924094,0.0,99.9999957153426,0.0,0.0072028044688227
1029.5,169,1,73,0,-72,-0.14934868,-1.0403205,0.0027334100223996,0.0,99.99999575338244,0.0,0.0071725298589751
1030.0,168,1,72,0,-71,0.16624993,0.7646252,0.0027320874019031,0.0,99.999997377333,0.0,0.0051635695335676
1030.5,168,1,72,0,-71,0.09984703,0.8000438,0.0027307745540331,0.0,99.9999966238101,0.0,0.0063499486939241
1031.0,169,1,73,0,-72,0.31195527,0.20620728,0.0027294672098658,0.0,99.99999604826868,0.0,0.0074917269674729
1031.5,168,1,72,0,-71,-0.043932468,0.86631167,0.0027281738325249,0.0,99.9999976363986,0.0,0.0029984541974926
1032.0,168,1,72,0,-71,-0.043932468,0.86631167,0.002726877445804,0.0,99.99999722166692,0.0,0.0034829466130119
1032.5,168,1,72,0,-71,-0.043932468,0.86631167,0.0027255695990339,0.0,99.99999616663034,0.0,0.0041043037893311
1033.0,168,1,72,0,-71,-0.043932468,0.86631167,0.0027242799120038,0.0,99.9999965371464,0.0,0.0044408633036312
1033.5,168,1,72,0,-71,-0.043932468,0.86631167,0.0027229787775127,0.0,99.99999642149692,0.0,0.0048853972705768
1034.0,168,1,72,0,-71,-0.010759503,0.41048515,0.0027216788852896,0.0,99.99999641162825,0.0,0.0048911879950086
1034.5,169,1,72,0,-71,1.7665346,0.28475708,0.00272039709122,0.0,99.9999946703075,0.0,0.0053480971382587
1035.0,170,1,73,0,-72,-0.5313139,0.22880569,0.0027191080829978,0.0,99.99999508022756,0.0,0.0049553880417879
1035.5,169,1,72,0,-71,0.0056106746,-0.13368906,0.0027178202957409,0.0,99.9999950765277,0.0,0.0049586539915211
1036.0,169,1,72,0,-71,0.0056106746,-0.13368906,0.0027165337277154,0.0,99.99999507251444,0.0,0.0049621484933426
1036.5,167,1,70,0,-69,-0.05799964,-0.54698354,0.0027152441786927,0.0,99.9999938748628,0.0,0.0049987948001447
1037.0,167,1,70,0,-69,-0.05799964,-0.54698354,0.0027139432699307,0.0,99.99999804829238,0.0,0.0025420614569658
1037.5,167,1,70,0,-69,-0.05799964,-0.54698354,0.0027126436071362,0.0,99.99999804808076,0.0,0.0025414826260035
1038.0,167,1,70,0,-69,-0.05799964,-0.54698354,0.0027113451885203,0.0,99.9999980473838,0.0,0.0025413532262636
1038.5,168,1,70,0,-69,-0.51579654,0.06574553,0.002710052194741,0.0,99.9999937879782,0.0,0.0052137767722766
1039.0,167,1,70,0,-69,-0.29718146,-0.061598256,0.0027087604335867,0.0,99.99999502498471,0.0,0.0057558244067366
1039.5,167,1,70,0,-69,-0.29718146,-0.061598256,0.0027074740777859,0.0,99.99999715549905,0.0,0.003960456690066
1040.0,167,1,70,0,-69,-0.29718146,-0.061598256,0.0027061972842478,0.0,99.99999715415947,0.0,0.0039620835560349
1040.5,168,1,70,0,-69,0.029074118,-0.25444204,0.0027049216943654,0.0,99.99999715284636,0.0,0.0039636072938537
1041.0,169,1,71,0,-70,-0.14920866,-0.2244602,0.0027036514691481,0.0,99.9999972893089,0.0,0.0038110647398527
1041.5,168,1,70,0,-69,0.2968259,-0.15210243,0.0027023824363608,0.0,99.99999609613596,0.0,0.0050854268692988
1042.0,168,1,70,0,-69,0.2968259,-0.15210243,0.0027010979747918,0.0,99.99999659029564,0.0,0.0045966451498145
1042.5,168,1,70,0,-69,-0.17611992,-0.2514469,0.0026998022809946,0.0,99.99999665940398,0.0,0.0044422608429755
1043.0,168,1,70,0,-69,-0.17611992,-0.2514469,0.0026985078296682,0.0,99.99999665474505,0.0,0.0044468041114686
1043.5,168,1,70,0,-69,-0.17611992,-0.2514469,0.0026972353337828,0.0,99.99999696574766,0.0,0.0044452385536877
1044.0,168,1,70,0,-69,-0.17611992,-0.2514469,0.0026959640374364,0.0,99.9999971553182,0.0,0.0048709098433394
1044.5,168,1,70,0,-69,-0.17611992,-0.2514469,0.0026946898037602,0.0,99.99999715287107,0.0,0.0048761701093669
1045.0,169,1,70,0,-69,-0.17252138,-0.33217973,0.0026934209053023,0.0,99.9999979595895,0.0,0.0042162706602654
1045.5,169,1,70,0,-69,-0.17252138,-0.33217973,0.002692157328693,0.0,99.99999795757944,0.0,0.0042208873719637
1046.0,169,1,70,0,-69,-0.17252138,-0.33217973,0.0026908949371026,0.0,99.99999795561148,0.0,0.0042253710624151
1046.5,170,1,71,0,-70,0.79203236,-0.43131906,0.0026896337288647,0.0,99.9999979536018,0.0,0.0042298070352956
1047.0,170,1,71,0,-70,0.79203236,-0.43131906,0.0026883778181272,0.0,99.9999976455276,0.0,0.0046078012236616
1047.5,169,1,71,0,-70,0.09257457,0.19683957,0.0026871271917072,0.0,99.9999976422082,0.0,0.0046137534163815
1048.0,169,1,71,0,-70,0.09257457,0.19683957,0.0026874113819596,0.0,99.99999588415068,0.0,0.0054000604406752
1048.5,169,1,71,0,-70,0.09257457,0.19683957,0.0026892364800508,0.0,99.9999971931781,0.0,0.0040149706887237
1049.0,169,1,71,0,-70,-0.12685409,-0.7434332,0.0026910475678186,0.0,99.99999600719605,0.0,0.0046662044362397
1049.5,170,1,72,0,-71,0.5871228,-0.9475092,0.0026928446398186,0.0,99.99999601066156,0.0,0.0046650021185351
1050.0,171,1,73,0,-72,-0.10323444,-0.6110778,0.0026946400327326,0.0,99.99999715646916,0.0,0.0050362929676352
1050.5,171,1,73,0,-72,-0.10323444,-0.6110778,0.0026964214047333,0.0,99.99999710428617,0.0,0.0047057917887534
1051.0,171,1,73,0,-72,-0.10323444,-0.6110778,0.002698196982107,0.0,99.99999710422436,0.0,0.0047078245171887
1051.5,171,1,73,0,-72,-0.10323444,-0.6110778,0.0026999832299178,0.0,99.9999982225808,0.0,0.0037724969244793
1052.0,171,1,73,0,-72,-0.10323444,-0.6110778,0.0027017678064479,0.0,99.99999670908636,0.0,0.0050568186552931
1052.5,169,1,71,0,-70,0.4211769,0.3999496,0.0027035383605438,0.0,99.99999539521832,0.0,0.0057855893357184
1053.0,168,1,70,0,-69,0.18488073,-1.1592408,0.0027022706685645,0.0,99.99999718664256,0.0,0.0042859572971247
1053.5,168,1,70,0,-69,0.18488073,-1.1592408,0.0027010123850928,0.0,99.99999705593892,0.0,0.0049121363225374
1054.0,167,1,69,0,-68,-0.52409685,-0.09283225,0.0026997634855087,0.0,99.99999547549936,0.0,0.0056102872708893
1054.5,167,1,69,0,-68,-0.52409685,-0.09283225,0.0026985157403282,0.0,99.99999546703874,0.0,0.0056165344459923
1055.0,168,1,69,0,-68,-0.26170793,-0.37752837,0.0026972445557448,0.0,99.99999647645664,0.0,0.0053001111569847
1055.5,168,1,69,0,-68,-0.26170793,-0.37752837,0.0026959704734276,0.0,99.99999646004282,0.0,0.0050761554994054
1056.0,169,1,70,0,-69,-0.060166627,-0.46028763,0.0026946935032837,0.0,99.99999719137423,0.0,0.0063597741920633
1056.5,169,1,70,0,-69,-0.060166627,-0.46028763,0.0026934136552278,0.0,99.99999773971253,0.0,0.0049749702335715
1057.0,169,1,70,0,-69,-0.060166627,-0.46028763,0.0026921309391821,0.0,99.99999666892656,0.0,0.0058180285465343
1057.5,169,1,70,0,-69,-0.060166627,-0.46028763,0.0026908535235779,0.0,99.99999791034048,0.0,0.0040503889044287
1058.0,166,1,70,0,-69,0.47243378,0.3407612,0.0026895895459063,0.0,99.99999797373016,0.0,0.0037953072449582
1058.5,166,1,70,0,-69,0.47243378,0.3407612,0.0026883308267488,0.0,99.99999780018278,0.0,0.0039265338666397
1059.0,167,1,71,0,-70,0.05017498,-0.6998836,0.0026870854886786,0.0,99.99999587268398,0.0,0.0060499360385406
1059.5,166,1,70,0,-69,0.33114922,-0.58080417,0.0026858494320374,0.0,99.99999588854008,0.0,0.0060373661434477
1060.0,166,1,70,0,-69,0.33114922,-0.58080417,0.002684602330991,0.0,99.99999797695192,0.0,0.0049170969705713
1060.5,166,1,70,0,-69,0.33114922,-0.58080417,0.0026833523309639,0.0,99.99999798669884,0.0,0.0049071718023277
1061.0,166,1,70,0,-69,0.33114922,-0.58080417,0.0026820872834308,0.0,99.99999710318096,0.0,0.0048509391420961
1061.5,166,1,70,0,-69,0.33114922,-0.58080417,0.0026808274770468,0.0,99.99999770775916,0.0,0.0033639730194152
1062.0,166,1,69,0,-68,0.41866773,-0.35360777,0.0026795648084828,0.0,99.9999977104237,0.0,0.0033605668962651
1062.5,167,1,70,0,-69,0.10320073,0.34657508,0.0026783073700983,0.0,99.99999811555828,0.0,0.0030619510478478
1063.0,169,1,70,0,-69,0.4513243,-0.0007455796,0.002677047073799,0.0,99.99999784259396,0.0,0.0042651984009743
1063.5,168,1,69,0,-68,0.88410544,-0.27976453,0.0026757879630243,0.0,99.99999627899476,0.0,0.0044230873072679
1064.0,168,1,69,0,-68,0.88410544,-0.27976453,0.0026745260061868,0.0,99.99999570403656,0.0,0.0048881718904079
1064.5,162,1,66,0,-65,0.08692975,0.4576332,0.0026732531608394,0.0,99.99999809545808,0.0,0.004165068765497
1065.0,162,1,66,0,-65,0.08692975,0.4576332,0.0026719734819803,0.0,99.99999788069417,0.0,0.0046770444853673
1065.5,162,1,66,0,-65,0.08692975,0.4576332,0.0026706910093256,0.0,99.9999979461506,0.0,0.0049176324415703
1066.0,161,1,65,0,-64,-0.16193473,0.03405699,0.0026694017381941,0.0,99.99999780677396,0.0,0.0054189512323374
1066.5,161,1,65,0,-64,-0.16193473,0.03405699,0.0026681297537804,0.0,99.99999784965684,0.0,0.0041261443467736
1067.0,161,1,65,0,-64,0.22094485,-0.21748362,0.0026668549741728,0.0,99.99999839841716,0.0,0.0035665832085625
1067.5,161,1,65,0,-64,0.22094485,-0.21748362,0.0026655774091188,0.0,99.99999791390051,0.0,0.0041840290044356
1068.0,159,1,63,0,-62,-0.11020073,0.3184921,0.0026642930692355,0.0,99.99999868683302,0.0,0.0032060567051134
1068.5,159,1,63,0,-62,-0.11020073,0.3184921,0.0026630059711345,0.0,99.9999979963505,0.0,0.0039903409352118
1069.0,160,1,64,0,-63,0.037486315,0.33408308,0.0026617320902919,0.0,99.99999794404285,0.0,0.0040480009677327
1069.5,160,1,65,0,-64,-0.15424684,-0.9279981,0.0026604634152556,0.0,99.9999975049101,0.0,0.0044880925190843
1070.0,160,1,65,0,-64,-0.15424684,-0.9279981,0.0026591879813692,0.0,99.99999749955364,0.0,0.0044928073963046
1070.5,160,1,65,0,-64,-0.15424684,-0.9279981,0.0026579137697902,0.0,99.99999749399768,0.0,0.0044975993023188
1071.0,162,1,67,0,-66,0.09208208,-0.90512425,0.0026566368025767,0.0,99.99999827247976,0.0,0.0035806832561073
1071.5,162,1,67,0,-66,0.09208208,-0.90512425,0.0026553372278279,0.0,99.99999797151614,0.0,0.0037009503642488
1072.0,162,1,67,0,-66,0.09208208,-0.90512425,0.0026540389239105,0.0,99.9999980527878,0.0,0.0035537847568592
1072.5,160,1,66,0,-65,0.041279823,-0.6552648,0.0026527339599265,0.0,99.9999989673748,0.0,0.0025890222638802
1073.0,160,1,66,0,-65,0.26793638,-0.6173864,0.0026514223573908,0.0,99.9999985893086,0.0,0.0030219339083166
1073.5,161,1,66,0,-65,-0.19720006,-0.47228295,0.0026501239212875,0.0,99.9999986908928,0.0,0.0028183327504437
1074.0,161,1,66,0,-65,-0.19720006,-0.47228295,0.0026488346619788,0.0,99.99999885861524,0.0,0.0026723029423707
1074.5,160,1,65,0,-64,-0.073928446,-0.6679502,0.0026475348094893,0.0,99.99999811985802,0.0,0.0034814776650942
1075.0,160,1,65,0,-64,-0.073928446,-0.6679502,0.0026462441223563,0.0,99.99999804183678,0.0,0.0034874488714429
1075.5,159,1,64,0,-63,-0.034533396,0.3759276,0.002644974399628,0.0,99.9999980508654,0.0,0.0037770439573434
1076.0,159,1,65,0,-64,-0.14645854,-0.35210162,0.002643698019684,0.0,99.9999987497795,0.0,0.002922203395219
1076.5,157,1,63,0,-62,0.61039704,0.5009435,0.0026424268047775,0.0,99.99999866478316,0.0,0.0030248924318818
1077.0,157,1,63,0,-62,0.61039704,0.5009435,0.0026411686017876,0.0,99.99999830566836,0.0,0.0036547169173009
1077.5,158,1,63,0,-62,-0.4422798,0.055227086,0.0026399076701587,0.0,99.99999762774809,0.0,0.0043387051058247
1078.0,159,1,64,0,-63,-0.027209044,0.45428705,0.0026386400969235,0.0,99.99999870874514,0.0,0.0030352570729507
1078.5,160,1,65,0,-64,-0.347972,-0.91747206,0.0026373815778525,0.0,99.99999816170536,0.0,0.0036253014492533
1079.0,160,1,65,0,-64,-0.347972,-0.91747206,0.0026361360038257,0.0,99.99999899093828,0.0,0.0028064030559498
1079.5,161,1,66,0,-65,-0.40403095,-0.5281443,0.0026348837830696,0.0,99.99999757763798,0.0,0.0046720615946959
1080.0,161,1,66,0,-65,-0.40403095,-0.5281443,0.0026336444743171,0.0,99.99999903214388,0.0,0.0028727047901401
1080.5,161,1,66,0,-65,-0.40403095,-0.5281443,0.0026324024268525,0.0,99.9999990329912,0.0,0.0028712397004996
1081.0,161,1,65,0,-64,-0.3281465,-0.52350503,0.0026311732512703,0.0,99.99999866586118,0.0,0.0034407301732766
1081.5,161,1,65,0,-64,-0.3281465,-0.52350503,0.0026299413263794,0.0,99.99999839985504,0.0,0.0035610361837984
1082.0,161,1,65,0,-64,-0.3281465,-0.52350503,0.002628710554532,0.0,99.99999839762742,0.0,0.0035641855721019
1082.5,161,1,65,0,-64,-0.3281465,-0.52350503,0.0026274848234996,0.0,99.99999849747276,0.0,0.0036154739367046
1083.0,164,1,67,0,-66,0.14433739,-0.8039803,0.0026262563492521,0.0,99.99999848956908,0.0,0.0036276554154284
1083.5,165,1,68,0,-67,-0.13943186,-0.68160254,0.0026250212589749,0.0,99.99999770066856,0.0,0.0046078022388587
1084.0,165,1,68,0,-67,-0.13943186,-0.68160254,0.0026237795729521,0.0,99.99999799132272,0.0,0.0039676549799525
1084.5,166,1,69,0,-68,-0.035131365,0.21898264,0.0026225429358296,0.0,99.99999792238324,0.0,0.004182283443828
1085.0,165,1,69,0,-68,-0.25376078,-0.4192273,0.0026213074638591,0.0,99.99999824937753,0.0,0.0038683649999813
1085.5,166,1,69,0,-68,-0.13219443,-0.09448667,0.0026200692879168,0.0,99.999998248884,0.0,0.0038685130259892
1086.0,166,1,69,0,-68,-0.13219443,-0.09448667,0.0026188400087934,0.0,99.99999774389008,0.0,0.0042931598315061
1086.5,166,1,69,0,-68,-0.13219443,-0.09448667,0.0026176118826307,0.0,99.99999774804552,0.0,0.0042877725841165
1087.0,166,1,69,0,-68,-0.13219443,-0.09448667,0.0026163810512103,0.0,99.99999794056208,0.0,0.0039496396591169
1087.5,166,1,69,0,-68,-0.13219443,-0.09448667,0.0026151436708366,0.0,99.99999838466518,0.0,0.0035708368078694
1088.0,166,1,69,0,-68,-0.13219443,-0.09448667,0.0026139074603127,0.0,99.99999876138398,0.0,0.0029081825383868
1088.5,166,1,69,0,-68,-0.6576774,0.59508204,0.0026126724179804,0.0,99.99999908849249,0.0,0.0025106832543916
1089.0,166,1,69,0,-68,-0.6576774,0.59508204,0.0026114385421846,0.0,99.9999990598004,0.0,0.0025387110443872
1089.5,166,1,69,0,-68,-0.6576774,0.59508204,0.0026102096696871,0.0,99.99999906016993,0.0,0.0025374476493112
1090.0,165,1,69,0,-68,1.1067781,-0.5108042,0.0026089819531941,0.0,99.99999906291724,0.0,0.0025331434924483
1090.5,165,1,69,0,-68,1.1067781,-0.5108042,0.0026077745472389,0.0,99.9999978102885,0.0,0.0036877621624507
1091.0,166,1,69,0,-68,-0.08340916,-0.87883884,0.00260657591377,0.0,99.99999906203978,0.0,0.0023689003804212
1091.5,167,1,70,0,-69,0.7032721,-1.1302136,0.0026053707332467,0.0,99.99999910587646,0.0,0.0021796724521385
1092.0,166,1,69,0,-68,0.4018262,-0.35095257,0.0026041704873393,0.0,99.9999976968726,0.0,0.0037828407838639
1092.5,167,1,70,0,-69,0.41153884,-0.21855704,0.0026029637124861,0.0,99.99999795208062,0.0,0.0035646648085481
1093.0,166,1,70,0,-69,0.5007282,-0.6284304,0.0026017466147978,0.0,99.99999877054488,0.0,0.0027055383073107
1093.5,165,1,69,0,-68,0.0043290854,-1.1404587,0.0026005306547623,0.0,99.99999893037528,0.0,0.0024534647937561
1094.0,165,1,69,0,-68,0.0043290854,-1.1404587,0.0025993006050878,0.0,99.9999979946474,0.0,0.0035079140115521
1094.5,165,1,68,0,-67,0.32600063,-1.4153855,0.0025980679156908,0.0,99.99999799261587,0.0,0.0035101300991147
1095.0,165,1,68,0,-67,0.32600063,-1.4153855,0.002596847792533,0.0,99.9999976907289,0.0,0.0036129784323111
1095.5,165,1,68,0,-67,-0.36709526,-0.65394014,0.0025956364061768,0.0,99.99999925892736,0.0,0.0020266571428772
1096.0,166,1,69,0,-68,-0.17446181,-0.58859247,0.0025944223573433,0.0,99.99999808558192,0.0,0.0034069240067956
1096.5,165,1,67,0,-66,0.51357096,-0.15424491,0.0025932056550875,0.0,99.99999790407578,0.0,0.0036110936059595
1097.0,165,1,67,0,-66,0.51357096,-0.15424491,0.0025919863084711,0.0,99.99999791094947,0.0,0.003606675208402
1097.5,166,1,68,0,-67,0.037826374,-0.28602713,0.0025907681080094,0.0,99.9999979384763,0.0,0.0035816954216001
1098.0,168,1,70,0,-69,-0.14912906,-0.44789082,0.0025895510520871,0.0,99.9999979702278,0.0,0.0035522832155017
1098.5,166,1,69,0,-68,0.09877998,-0.5607967,0.0025883389134517,0.0,99.99999753965815,0.0,0.0040792530567143
1099.0,167,1,69,0,-68,-0.51718724,-0.35774308,0.0025871316799011,0.0,99.99999786386056,0.0,0.0038630775217296
1099.5,166,1,69,0,-68,-0.4848819,-0.28826416,0.002585925571963,0.0,99.99999786311086,0.0,0.0038634918624153
1100.0,166,1,69,0,-68,-0.4848819,-0.28826416,0.0025876367173563,0.0,99.99999790154558,0.0,0.0037507057157838
1100.5,166,1,69,0,-68,-0.4848819,-0.28826416,0.0025893651179478,0.0,99.99999800634954,0.0,0.0039505536217669
1101.0,167,1,70,0,-69,-0.63133204,0.76293105,0.0025910919393908,0.0,99.9999980091258,0.0,0.0039489327319548
1101.5,167,1,70,0,-69,-0.63133204,0.76293105,0.0025928171838486,0.0,99.99999801186983,0.0,0.0039473796970799
1102.0,166,1,69,0,-68,-0.14417577,-0.24750425,0.0025945408534803,0.0,99.9999980144522,0.0,0.0039459851582502
1102.5,165,1,68,0,-67,-0.0632827,0.8896007,0.0025962629504414,0.0,99.99999801666957,0.0,0.0039449708407464
1103.0,165,1,68,0,-67,-0.0632827,0.8896007,0.0025979797041004,0.0,99.99999877537596,0.0,0.0030796286779916
1103.5,166,1,69,0,-68,-0.1443449,-0.60568804,0.0025982395838171,0.0,99.99999877067268,0.0,0.0030872858364642
1104.0,166,1,69,0,-68,-0.1443449,-0.60568804,0.0025970445922712,0.0,99.99999788369205,0.0,0.0036494575530564
1104.5,166,1,69,0,-68,-0.1443449,-0.60568804,0.0025958506994294,0.0,99.9999984591725,0.0,0.0031119561592663
1105.0,167,1,70,0,-69,-0.5200983,0.17789821,0.0025946541427494,0.0,99.9999984704696,0.0,0.0030953045408512
1105.5,166,1,71,0,-70,-0.589128,0.63822234,0.0025934511735728,0.0,99.99999882053348,0.0,0.0025914245523793
1106.0,167,1,72,0,-71,0.06088759,-0.29243404,0.0025922605815642,0.0,99.9999989477349,0.0,0.0029129576260516
1106.5,166,1,71,0,-70,0.7266474,-0.66511685,0.0025910860848544,0.0,99.99999807671304,0.0,0.0041455202564542
1107.0,166,1,71,0,-70,0.7266474,-0.66511685,0.0025899238938565,0.0,99.99999709233153,0.0,0.0050996908602309
1107.5,166,1,71,0,-70,0.7266474,-0.66511685,0.0025887590009993,0.0,99.99999830159224,0.0,0.0039837174196087
1108.0,167,1,72,0,-71,0.06088759,-0.29243404,0.0025875951555592,0.0,99.99999805556374,0.0,0.004863913364317
1108.5,165,1,70,0,-69,-0.5183902,0.5063613,0.0025864286189049,0.0,99.99999806673314,0.0,0.0048505347698059
1109.0,167,1,71,0,-70,-0.042923033,-0.59920734,0.0025852407306843,0.0,99.99999819248572,0.0,0.0043776745298287
1109.5,167,1,71,0,-70,-0.042923033,-0.59920734,0.0025840576634633,0.0,99.99999783766744,0.0,0.0046365113623892
1110.0,167,1,71,0,-70,-0.042923033,-0.59920734,0.0025828644977338,0.0,99.99999827241346,0.0,0.0040563310764162
1110.5,167,1,71,0,-70,-0.042923033,-0.59920734,0.0025816724333632,0.0,99.99999830407128,0.0,0.0040184060610918
1111.0,166,1,70,0,-69,-0.17598847,-0.22948615,0.0025804926290174,0.0,99.9999967079217,0.0,0.0057198160726767
1111.5,166,1,70,0,-69,-0.17598847,-0.22948615,0.0025793139025019,0.0,99.99999785830296,0.0,0.004390197636769
1112.0,166,1,70,0,-69,-0.17598847,-0.22948615,0.0025781362523404,0.0,99.9999983725557,0.0,0.0036068516893741
1112.5,166,1,70,0,-69,-0.17598847,-0.22948615,0.0025769485474072,0.0,99.9999983233796,0.0,0.0043962936513674
1113.0,166,1,70,0,-69,-0.17598847,-0.22948615,0.0025757619362822,0.0,99.99999795935284,0.0,0.0047809103353284
1113.5,167,1,70,0,-69,0.56064206,-0.1570882,0.0025745764174553,0.0,99.99999812817722,0.0,0.0045669995203313
1114.0,167,1,70,0,-69,0.56064206,-0.1570882,0.0025733882897893,0.0,99.99999821064937,0.0,0.0042253527435296
1114.5,167,1,70,0,-69,0.10723691,-0.22389238,0.0025721790811429,0.0,99.99999818161488,0.0,0.0044932891165237
1115.0,167,1,70,0,-69,0.10723691,-0.22389238,0.0025709783937273,0.0,99.99999803314516,0.0,0.0048005873685751
1115.5,167,1,70,0,-69,0.10723691,-0.22389238,0.0025697862052727,0.0,99.99999777815084,0.0,0.0050783949118478
1116.0,167,1,70,0,-69,-0.4798918,0.6109168,0.0025686098654708,0.0,99.9999984744682,0.0,0.0039392590679987
1116.5,167,1,70,0,-69,-0.24815378,0.5759302,0.0025674456497573,0.0,99.99999716236552,0.0,0.0054081261550437
1117.0,167,1,70,0,-69,-0.24815378,0.5759302,0.0025662898473846,0.0,99.99999740978237,0.0,0.0052472159332628
1117.5,167,1,70,0,-69,-0.2941021,0.5082276,0.0025651424370572,0.0,99.99999777852186,0.0,0.0051702691410164
1118.0,167,1,70,0,-69,0.4992821,-1.2306155,0.0025639960523055,0.0,99.99999777868167,0.0,0.0051718369813233
1118.5,168,1,70,0,-69,0.34100795,-1.1613115,0.0025628470223726,0.0,99.99999736634956,0.0,0.0054914171246997
1119.0,169,1,70,0,-69,-0.1727052,-0.3937223,0.0025616880236076,0.0,99.99999785238155,0.0,0.0049537318344842
1119.5,169,1,70,0,-69,-0.1727052,-0.3937223,0.0025605373981506,0.0,99.99999846137275,0.0,0.0036141957763916
1120.0,169,1,70,0,-69,-0.1727052,-0.3937223,0.0025593951248527,0.0,99.9999982552762,0.0,0.0034869525141156
1120.5,169,1,70,0,-69,-0.1727052,-0.3937223,0.0025582575264936,0.0,99.99999713125402,0.0,0.0059857400124446
1121.0,169,1,70,0,-69,-0.1727052,-0.3937223,0.002557113632987,0.0,99.9999968511054,0.0,0.0064301922635653
1121.5,170,1,71,0,-70,-0.2325314,-0.123772666,0.0025559671122712,0.0,99.9999981090379,0.0,0.0045148583589231
1122.0,169,1,70,0,-69,-0.53019655,0.03884387,0.0025548289120996,0.0,99.99999849496336,0.0,0.0038512101895694
1122.5,169,1,70,0,-69,-0.53019655,0.03884387,0.0025536880819805,0.0,99.99999814618668,0.0,0.0044817183309828
1123.0,166,1,69,0,-68,-0.18921795,-1.0485277,0.0025525446303159,0.0,99.99999818293256,0.0,0.0044469365369786
1123.5,166,1,68,0,-67,0.31146383,-1.2927085,0.0025528275665466,0.0,99.9999982360183,0.0,0.0043962989413436
1124.0,166,1,68,0,-67,0.31146383,-1.2927085,0.0025545313368191,0.0,99.99999772303558,0.0,0.0050835898203832
1124.5,165,1,68,0,-67,0.026926637,0.16444615,0.0025562335785133,0.0,99.99999790331344,0.0,0.004724689123984
1125.0,166,1,68,0,-67,0.06899297,-0.7006267,0.0025579233704803,0.0,99.99999716927869,0.0,0.0052093581328024
1125.5,167,1,69,0,-68,-0.34392402,-0.3916996,0.0025596407681483,0.0,99.9999968933888,0.0,0.0059152519309453
1126.0,167,1,69,0,-68,-0.34392402,-0.3916996,0.0025613566514919,0.0,99.99999688759011,0.0,0.0059206154831205
1126.5,169,1,70,0,-69,0.7576479,-0.6823823,0.0025630710225132,0.0,99.9999968809283,0.0,0.0059268926509727
1127.0,167,1,70,0,-69,-0.78976274,-0.14822276,0.0025647729500998,0.0,99.99999746573414,0.0,0.0047068047737775
1127.5,167,1,70,0,-69,-0.78976274,-0.14822276,0.0025664806548147,0.0,99.99999789157783,0.0,0.0050452360841022
1128.0,168,1,71,0,-70,-0.3394408,-0.42003924,0.0025681977895611,0.0,99.99999718587564,0.0,0.0059063757636608
1128.5,168,1,71,0,-70,-0.3394408,-0.42003924,0.0025699097764419,0.0,99.99999809020788,0.0,0.0045801738468004
1129.0,169,1,71,0,-70,-0.43679425,-0.31910962,0.0025716166149411,0.0,99.9999980954682,0.0,0.0045747654223806
1129.5,169,1,70,0,-69,0.49954885,-0.1080925,0.0025704790476892,0.0,99.99999808100596,0.0,0.0046292773150645
1130.0,168,1,69,0,-68,-0.65303767,0.118255004,0.0025693388452005,0.0,99.99999778607874,0.0,0.0048995832306798
1130.5,168,1,70,0,-69,-0.27536428,-0.5768741,0.0025681996537959,0.0,99.99999768289976,0.0,0.0050524235174492
1131.0,168,1,70,0,-69,-0.43601105,0.32826072,0.0025670687416549,0.0,99.9999975877666,0.0,0.0048723171666568
1131.5,167,1,70,0,-69,-0.8462467,0.34222177,0.0025659460882413,0.0,99.99999820144328,0.0,0.0042765762641976
1132.0,166,1,71,0,-70,-0.506225,-0.15468834,0.0025648244163362,0.0,99.99999825228784,0.0,0.0041847277854348
1132.5,166,1,71,0,-70,-0.506225,-0.15468834,0.0025637037246528,0.0,99.9999980592636,0.0,0.0040105763498835
1133.0,166,1,71,0,-70,-0.506225,-0.15468834,0.0025625731457034,0.0,99.99999781876308,0.0,0.0045603674911724
1133.5,166,1,71,0,-70,-0.506225,-0.15468834,0.0025614399446175,0.0,99.9999982594877,0.0,0.0039780121664483
1134.0,167,1,71,0,-70,-0.120287925,-0.06999083,0.0025603077453192,0.0,99.99999829029544,0.0,0.0040465291569167
1134.5,166,1,70,0,-69,-0.13263372,0.27913043,0.0025591693215872,0.0,99.9999982326422,0.0,0.0045101737468547
1135.0,165,1,69,0,-68,-0.3301426,-0.7123666,0.002558028300569,0.0,99.9999985470006,0.0,0.0043021326163873
1135.5,165,1,69,0,-68,-0.3301426,-0.7123666,0.0025568882965595,0.0,99.99999837625091,0.0,0.0048752591223851
1136.0,165,1,69,0,-68,-0.16767737,-0.72960633,0.0025557529109926,0.0,99.99999833581268,0.0,0.0040573877221977
1136.5,166,1,70,0,-69,-0.126039,-0.082733616,0.0025546221329192,0.0,99.99999864576908,0.0,0.0040111480606758
1137.0,166,1,70,0,-69,-0.126039,-0.082733616,0.0025534851621808,0.0,99.99999826227923,0.0,0.0046485890154373
1137.5,166,1,70,0,-69,-0.126039,-0.082733616,0.0025523420166458,0.0,99.99999783490546,0.0,0.0050366585391529
1138.0,166,1,70,0,-69,-0.126039,-0.082733616,0.0025512070741468,0.0,99.99999769933594,0.0,0.0045894102592932
1138.5,166,1,70,0,-69,-0.126039,-0.082733616,0.0025500767273499,0.0,99.99999755889604,0.0,0.0048439333766834
1139.0,166,1,70,0,-69,-0.17511037,-0.27983308,0.0025489473817403,0.0,99.99999715211672,0.0,0.0052465597243735
1139.5,167,1,71,0,-70,-0.3929018,-0.7863298,0.0025478190359884,0.0,99.99999734255096,0.0,0.0049723686828576
1140.0,166,1,70,0,-69,-0.3581991,0.047784135,0.002546691688767,0.0,99.99999758003582,0.0,0.0048243284043449
1140.5,166,1,70,0,-69,-0.3581991,0.047784135,0.0025455617646232,0.0,99.9999975679147,0.0,0.0048382278537039
1141.0,166,1,70,0,-69,-0.3581991,0.047784135,0.0025444114171515,0.0,99.99999810768487,0.0,0.0040297994088958
1141.5,165,1,69,0,-68,-0.11746964,-0.05569057,0.0025432621089015,0.0,99.99999802901893,0.0,0.0040983128015804
1142.0,165,1,69,0,-68,-0.11746964,-0.05569057,0.0025421102740235,0.0,99.99999833535504,0.0,0.0032279885495425
1142.5,165,1,69,0,-68,-0.11746964,-0.05569057,0.0025409666044389,0.0,99.99999839395991,0.0,0.003278513410082
1143.0,165,1,69,0,-68,-0.11746964,-0.05569057,0.0025398346375727,0.0,99.99999800253296,0.0,0.0036638070803184
1143.5,165,1,69,0,-68,-0.11746964,-0.05569057,0.0025387072337052,0.0,99.9999976244702,0.0,0.0040937851542041
1144.0,165,1,69,0,-68,-0.11746964,-0.05569057,0.0025375808302774,0.0,99.99999860457692,0.0,0.002938145091788
1144.5,162,1,67,0,-66,-0.04428783,-0.40668267,0.0025364731690664,0.0,99.99999797821091,0.0,0.0049406803730253
1145.0,165,1,69,0,-68,-0.51590204,0.074940324,0.0025353735655491,0.0,99.99999697230594,0.0,0.0060656579664522
1145.5,165,1,68,0,-67,0.5313567,0.35040832,0.0025342749150116,0.0,99.99999697913056,0.0,0.0060617833756576
1146.0,164,1,68,0,-67,-0.26184747,0.47021538,0.0025331701373752,0.0,99.99999797758448,0.0,0.0050271801119938
1146.5,164,1,68,0,-67,-0.26184747,0.47021538,0.0025320557136053,0.0,99.99999755472172,0.0,0.0060403420393867
1147.0,163,1,67,0,-66,0.49934146,-0.15840681,0.0025309493363412,0.0,99.99999879769123,0.0,0.0028629945404922
1147.5,163,1,67,0,-66,0.49934146,-0.15840681,0.0025298615762446,0.0,99.99999773262002,0.0,0.0060707471401447
1148.0,162,1,66,0,-65,0.047271848,0.52698845,0.0025287888593809,0.0,99.99999830492014,0.0,0.003602313988857
1148.5,162,1,66,0,-65,0.047271848,0.52698845,0.0025277064793217,0.0,99.9999985087636,0.0,0.0036030118624134
1149.0,162,1,66,0,-65,0.047271848,0.52698845,0.0025266109409361,0.0,99.99999736796876,0.0,0.0063165880278076
1149.5,162,1,66,0,-65,0.047271848,0.52698845,0.0025254952436274,0.0,99.9999975489056,0.0,0.0060624617813682
1150.0,162,1,66,0,-65,0.047271848,0.52698845,0.0025243770163339,0.0,99.99999756401644,0.0,0.0060451894611482
1150.5,160,1,65,0,-64,-0.15901917,-0.5924416,0.0025232492435819,0.0,99.99999765878724,0.0,0.0058929316697298
1151.0,160,1,65,0,-64,-0.15901917,-0.5924416,0.0025221189694507,0.0,99.99999768819006,0.0,0.0058488379873358
1151.5,160,1,65,0,-64,-0.8460586,-0.2148829,0.0025209932129245,0.0,99.9999981350592,0.0,0.0046697737700906
1152.0,161,1,65,0,-64,-0.052909583,-0.47644216,0.0025198684609204,0.0,99.99999759807308,0.0,0.0061412737739028
1152.5,161,1,65,0,-64,-0.052909583,-0.47644216,0.0025187482113136,0.0,99.99999757411746,0.0,0.0061720169607791
1153.0,162,1,66,0,-65,0.3283978,-0.14267693,0.0025190176109048,0.0,99.9999975495045,0.0,0.0062033529536498
1153.5,162,1,66,0,-65,0.3283978,-0.14267693,0.0025206748079651,0.0,99.99999752443809,0.0,0.0062349792567226
1154.0,163,1,67,0,-66,0.16092405,0.08283655,0.0025223235344717,0.0,99.99999897053904,0.0,0.0027250073746107
1154.5,163,1,67,0,-66,0.16092405,0.08283655,0.0025239672882745,0.0,99.9999987255354,0.0,0.003384533761033
1155.0,163,1,67,0,-66,0.16092405,0.08283655,0.0025256130710872,0.0,99.9999987010619,0.0,0.0034250849656323
1155.5,163,1,67,0,-66,0.16092405,0.08283655,0.0025272643887109,0.0,99.99999798946538,0.0,0.0047445915518459
1156.0,164,1,68,0,-67,0.62020874,-0.6180799,0.0025288932283551,0.0,99.99999808446375,0.0,0.0047551294093625
1156.5,164,1,68,0,-67,0.62020874,-0.6180799,0.0025305276039309,0.0,99.99999769731949,0.0,0.0050577714755274
1157.0,163,1,68,0,-67,0.060174033,0.30568618,0.0025321710253217,0.0,99.99999791950272,0.0,0.0055458964104421
1157.5,163,1,68,0,-67,-0.38840964,-0.010374233,0.0025338094829756,0.0,99.99999757186195,0.0,0.0060691023110425
1158.0,163,1,68,0,-67,-0.38840964,-0.010374233,0.0025326815457099,0.0,99.99999806445972,0.0,0.0039082088158938
1158.5,166,1,70,0,-69,0.66101635,-0.5664367,0.0025315546122106,0.0,99.9999975930241,0.0,0.0049370046369329
1159.0,165,1,70,0,-69,0.11271416,-0.9316198,0.0025304286811383,0.0,99.99999758486736,0.0,0.0049472412959772
1159.5,165,1,70,0,-69,0.11271416,-0.9316198,0.0025293037511562,0.0,99.99999743307193,0.0,0.0059988858530797
1160.0,165,1,70,0,-69,0.11271416,-0.9316198,0.0025295668134082,0.0,99.99999732394642,0.0,0.0061354108542747
1160.5,164,1,69,0,-68,-0.2662477,-0.5831858,0.0025312090488999,0.0,99.9999972583122,0.0,0.0062218978043392
1161.0,163,1,68,0,-67,0.97143984,-0.5513001,0.0025328672967811,0.0,99.99999765369355,0.0,0.0043808401047324
1161.5,163,1,67,0,-66,-0.20417345,-0.4154358,0.0025345275979596,0.0,99.99999766460996,0.0,0.0043592807279085
1162.0,163,1,67,0,-66,-0.20417345,-0.4154358,0.0025361829688632,0.0,99.99999781339162,0.0,0.0056392235887066
1162.5,164,1,67,0,-66,-0.64478254,0.33341497,0.0025378264198333,0.0,99.99999721017237,0.0,0.0058236187182277
1163.0,164,1,67,0,-66,-0.64478254,0.33341497,0.0025394859089501,0.0,99.9999965094424,0.0,0.0055203655877716
1163.5,163,1,66,0,-65,0.4987922,0.19888054,0.0025411474649749,0.0,99.9999965097464,0.0,0.0055203615536096
1164.0,162,1,66,0,-65,0.6784949,0.28582656,0.0025428075951421,0.0,99.99999650823784,0.0,0.005522094859939
1164.5,162,1,66,0,-65,0.6784949,0.28582656,0.0025444767945365,0.0,99.99999789474067,0.0,0.0037789503065981
1165.0,163,1,67,0,-66,-0.65379846,-0.15429644,0.0025461445764922,0.0,99.99999779712776,0.0,0.0038749494151414
1165.5,163,1,67,0,-66,-0.65379846,-0.15429644,0.002545049994506,0.0,99.99999707015778,0.0,0.0050893813620192
1166.0,164,1,68,0,-67,0.58185434,-0.016524881,0.0025439493681313,0.0,99.99999653781998,0.0,0.0052841047948129
1166.5,164,1,68,0,-67,0.58185434,-0.016524881,0.0025442184899088,0.0,99.99999653073364,0.0,0.0052923067472179
1167.0,164,1,68,0,-67,0.58185434,-0.016524881,0.0025458416091474,0.0,99.9999979084709,0.0,0.0040448877862224
1167.5,164,1,68,0,-67,0.58185434,-0.016524881,0.0025474598068976,0.0,99.99999790801706,0.0,0.0040457143203873
1168.0,163,1,67,0,-66,1.7366786,0.90325624,0.0025490660961875,0.0,99.99999657401686,0.0,0.0049766490538915
1168.5,162,1,66,0,-65,1.7447381,0.4209969,0.0025506709552276,0.0,99.99999767214308,0.0,0.0039414223324571
1169.0,163,1,67,0,-66,1.5993366,0.7852861,0.0025522778806235,0.0,99.99999768228238,0.0,0.0039336595975034
1169.5,162,1,66,0,-65,-0.29203978,-0.13341127,0.0025538763901928,0.0,99.9999978148931,0.0,0.0038278643426715
1170.0,162,1,66,0,-65,-0.29203978,-0.13341127,0.0025554734739664,0.0,99.9999983102908,0.0,0.0035987803669119
1170.5,161,1,65,0,-64,1.880893,0.49130088,0.0025570691338509,0.0,99.99999831999268,0.0,0.0035897423362917
1171.0,161,1,65,0,-64,1.880893,0.49130088,0.002558656377369,0.0,99.9999980429074,0.0,0.0039449636745515
1171.5,162,1,66,0,-65,0.03823778,0.44930357,0.002560249193945,0.0,99.99999822290424,0.0,0.0044549419054993
1172.0,161,1,65,0,-64,0.23594165,0.13686104,0.0025604750056671,0.0,99.99999822928508,0.0,0.0044470770651073
1172.5,160,1,65,0,-64,1.4953057,0.56516516,0.0025593356374178,0.0,99.9999981754624,0.0,0.0042849014921156
1173.0,160,1,65,0,-64,1.4953057,0.56516516,0.0025582042634008,0.0,99.99999691077038,0.0,0.0051171816373443
1173.5,161,1,66,0,-65,0.7878957,0.37744498,0.0025570843510529,0.0,99.99999754943308,0.0,0.0045704587475943
1174.0,161,1,66,0,-65,0.7878957,0.37744498,0.0025559619345701,0.0,99.9999974335288,0.0,0.0045696211284096
1174.5,161,1,66,0,-65,0.7878957,0.37744498,0.0025548405030106,0.0,99.99999733464492,0.0,0.0049836376781955
1175.0,162,1,66,0,-65,0.27450395,0.48744982,0.0025537130988457,0.0,99.99999711471092,0.0,0.005212025020489
1175.5,160,1,64,0,-63,-0.9247664,-0.42246944,0.0025525866892474,0.0,99.99999711681534,0.0,0.0052116037283225
1176.0,159,1,63,0,-62,1.6721523,0.50171936,0.0025514578009291,0.0,99.999997086376,0.0,0.0052530553522316
1176.5,161,1,64,0,-63,1.827709,0.6093687,0.0025503333795793,0.0,99.99999712140928,0.0,0.0052756218708428
1177.0,161,1,64,0,-63,1.827709,0.6093687,0.0025492064830059,0.0,99.99999714556569,0.0,0.0050844625935046
1177.5,161,1,64,0,-63,1.827709,0.6093687,0.0025480805818592,0.0,99.99999722112022,0.0,0.0051085269742911
1178.0,162,1,64,0,-63,-0.27672598,-0.16215824,0.002546955674821,0.0,99.99999715979568,0.0,0.005281118542156
1178.5,162,1,64,0,-63,-0.27672598,-0.16215824,0.0025458352172513,0.0,99.9999980628492,0.0,0.0037968822963551
1179.0,163,1,65,0,-64,-0.12758797,-0.27664983,0.0025447191987188,0.0,99.99999792440764,0.0,0.0041418545850966
1179.5,163,1,65,0,-64,-0.12758797,-0.27664983,0.0025435903557906,0.0,99.99999789687016,0.0,0.0040307996143497
1180.0,163,1,65,0,-64,-0.12758797,-0.27664983,0.0025438081458811,0.0,99.99999690483553,0.0,0.0057699622726962
1180.5,161,1,63,0,-62,0.10304681,0.7073388,0.0025453776592284,0.0,99.99999783795649,0.0,0.0049357580317398
1181.0,161,1,63,0,-62,0.10304681,0.7073388,0.0025469388639839,0.0,99.99999784893645,0.0,0.0047810711829374
1181.5,160,1,63,0,-62,-0.36566755,0.6379514,0.0025471548645782,0.0,99.9999982658525,0.0,0.0041970505759724
1182.0,160,1,63,0,-62,-0.36566755,0.6379514,0.0025460378048037,0.0,99.99999725883112,0.0,0.0053557467844167
1182.5,160,1,63,0,-62,-0.36566755,0.6379514,0.0025449113948712,0.0,99.99999817624926,0.0,0.0048243756090648
1183.0,160,1,63,0,-62,-0.47903994,0.6209686,0.0025437756608948,0.0,99.99999783671896,0.0,0.0048988005353893
1183.5,161,1,63,0,-62,-0.5097157,1.2274063,0.0025426375031597,0.0,99.99999759576508,0.0,0.0051794384490019
1184.0,162,1,63,0,-62,-0.09530482,1.1364222,0.0025415037973931,0.0,99.99999759879394,0.0,0.0051745128107226
1184.5,162,1,63,0,-62,-0.09530482,1.1364222,0.0025403745330491,0.0,99.99999855326502,0.0,0.0043919157215359
1185.0,163,1,63,0,-62,-0.25401333,1.0281366,0.0025392531274931,0.0,99.99999848208022,0.0,0.0044546390652953
1185.5,164,1,63,0,-62,-0.29752174,1.0064108,0.0025381429861029,0.0,99.99999862636328,0.0,0.0040934729109125
1186.0,164,1,61,0,-60,-0.06011036,-0.4451235,0.0025370338149786,0.0,99.99999862612908,0.0,0.0040916684175682
1186.5,164,1,61,0,-60,0.53822505,0.021037474,0.0025359256128486,0.0,99.99999862614794,0.0,0.0040895825226854
1187.0,165,1,62,0,-61,0.5541438,0.07563925,0.0025348320421097,0.0,99.99999741876648,0.0,0.0050646955762437
1187.5,165,1,60,0,-59,0.23164517,0.020635635,0.0025337428271235,0.0,99.9999986222828,0.0,0.0041566877950973
1188.0,164,1,60,0,-59,0.30557996,0.073556796,0.0025326511377406,0.0,99.99999777752733,0.0,0.0043947059215868
1188.5,164,1,60,0,-59,0.30557996,0.073556796,0.002531560388684,0.0,99.9999977721793,0.0,0.0043982595560688
1189.0,163,1,60,0,-59,0.53947866,-0.035024807,0.0025304637703775,0.0,99.9999979405195,0.0,0.0042155933982938
1189.5,163,1,60,0,-59,0.53947866,-0.035024807,0.0025293647005035,0.0,99.99999761002223,0.0,0.0044107858370983
1190.0,162,1,60,0,-59,0.3573019,0.015441105,0.0025282563901982,0.0,99.99999818544444,0.0,0.0048764635599272
1190.5,161,1,59,0,-58,-0.23101023,0.4913212,0.0025271490507404,0.0,99.99999818211096,0.0,0.0048818436945653
1191.0,161,1,59,0,-58,-0.23101023,0.4913212,0.0025260392885727,0.0,99.9999986981442,0.0,0.0034889212233804
1191.5,163,1,60,0,-59,-0.70134807,1.0471766,0.0025249237220677,0.0,99.99999875166102,0.0,0.0037866615962467
1192.0,163,1,60,0,-59,-0.70134807,1.0471766,0.0025238125267509,0.0,99.99999849894512,0.0,0.0046648523067521
1192.5,163,1,60,0,-59,-0.70134807,1.0471766,0.002522715842414,0.0,99.99999933099927,0.0,0.002745084910077
1193.0,162,1,60,0,-59,-0.3822492,1.0952228,0.0025216268716142,0.0,99.99999824061123,0.0,0.0040981431601253
1193.5,161,1,61,0,-60,-0.47101167,1.1015346,0.0025205422180771,0.0,99.9999987509726,0.0,0.0032039036889264
1194.0,159,1,59,0,-58,0.051169887,-0.4301594,0.0025194753704874,0.0,99.99999817398984,0.0,0.005139317018838
1194.5,159,1,59,0,-58,0.051169887,-0.4301594,0.0025184127974465,0.0,99.99999842614812,0.0,0.0039035783350067
1195.0,159,1,59,0,-58,0.051169887,-0.4301594,0.0025173477513165,0.0,99.99999831930016,0.0,0.0049510551184537
1195.5,159,1,59,0,-58,0.051169887,-0.4301594,0.0025176280786431,0.0,99.99999819048118,0.0,0.0049503245810043
1196.0,165,1,63,0,-62,1.9161744,0.46234158,0.0025205825286858,0.0,99.99999742677834,0.0,0.0047650235632608
1196.5,160,1,59,0,-58,0.57923454,0.3578441,0.002522197880926,0.0,99.99999876866416,0.0,0.0028117271060541
1197.0,161,1,60,0,-59,0.49721274,0.21782121,0.0025238152497762,0.0,99.99999846760386,0.0,0.0040142872966583
1197.5,161,1,60,0,-59,0.49721274,0.21782121,0.0025254245210574,0.0,99.99999867458487,0.0,0.0031945585687528
1198.0,161,1,60,0,-59,0.49721274,0.21782121,0.0025270155719158,0.0,99.99999719712036,0.0,0.0050763203823051
1198.5,162,1,60,0,-59,0.63790214,0.07365297,0.0025338953537245,0.0,99.99999826652716,0.0,0.0039496642737975
1199.0,162,1,60,0,-59,0.63790214,0.07365297,0.002540772394808,0.0,99.99999839188789,0.0,0.0039731048580645
1199.5,163,1,60,0,-59,-0.013622344,-0.31930238,0.0025423310789642,0.0,99.9999982950356,0.0,0.0042823784934415
1200.0,163,1,60,0,-59,-0.013622344,-0.31930238,0.0025465298034601,0.0,99.99999846284732,0.0,0.0037218401464181
1200.5,164,1,61,0,-60,-0.15559435,-0.37233323,0.0025533615264226,0.0,99.99999745728655,0.0,0.0050133569641188
1201.0,165,1,61,0,-60,-0.3388047,0.029110506,0.0025601836196176,0.0,99.999998764183,0.0,0.0032345123434364
1201.5,165,1,61,0,-60,-0.3388047,0.029110506,0.0025643584778862,0.0,99.99999842578951,0.0,0.0036582255114624
1202.0,165,1,61,0,-60,-0.3388047,0.029110506,0.002565889761182,0.0,99.99999825032492,0.0,0.0042449567073191
1202.5,164,1,60,0,-59,-0.525244,1.0255955,0.0025674094559378,0.0,99.99999871880004,0.0,0.0027404681521903
1203.0,164,1,59,0,-58,1.5697817,0.50971365,0.0025689141453742,0.0,99.99999900000404,0.0,0.0024963022465952
1203.5,163,1,58,0,-57,-0.11860496,0.9116699,0.002570417483621,0.0,99.9999989987176,0.0,0.0024988570095531
1204.0,163,1,58,0,-57,-0.18489203,1.1095437,0.0025719160575461,0.0,99.99999857193492,0.0,0.0029756285960442
1204.5,163,1,58,0,-57,-0.18489203,1.1095437,0.0025734166984085,0.0,99.9999982013065,0.0,0.0035340675377927
1205.0,163,1,58,0,-57,-0.18489203,1.1095437,0.002572269633289,0.0,99.9999982714657,0.0,0.0035700250547706
1205.5,163,1,58,0,-57,-0.18489203,1.1095437,0.0025711235902909,0.0,99.99999826951998,0.0,0.0035732151679419
1206.0,163,1,58,0,-57,-0.18489203,1.1095437,0.0025699887869493,0.0,99.9999985667568,0.0,0.0037058227801974
1206.5,161,1,57,0,-56,0.04755476,-0.14224987,0.0025688549848902,0.0,99.99999817559126,0.0,0.0040089878716668
1207.0,161,1,57,0,-56,0.04755476,-0.14224987,0.0025677187824854,0.0,99.99999873187768,0.0,0.0041134137787038
1207.5,160,1,57,0,-56,-0.114353,0.9932632,0.0025665767901509,0.0,99.9999983142852,0.0,0.0044490699059269
1208.0,162,1,59,0,-58,-0.20629716,-0.3733945,0.0025654595731731,0.0,99.9999976783516,0.0,0.0045995933002316
1208.5,163,1,60,0,-59,-0.26836467,-0.2989186,0.0025643501111571,0.0,99.99999856172036,0.0,0.0033002243969272
1209.0,162,1,60,0,-59,-0.13840953,-0.20572637,0.002563244996781,0.0,99.99999855944772,0.0,0.0033027652265663
1209.5,158,1,59,0,-58,-0.1074923,-0.3301677,0.0025621340634336,0.0,99.99999871319793,0.0,0.0030085294925255
1210.0,158,1,59,0,-58,-0.1074923,-0.3301677,0.0025610207100591,0.0,99.99999844053993,0.0,0.0033195584497793
1210.5,158,1,59,0,-58,-0.1074923,-0.3301677,0.0025599015645896,0.0,99.9999979615421,0.0,0.0045795863993408
1211.0,158,1,59,0,-58,1.8596141,0.14297843,0.0025587901501755,0.0,99.9999982977569,0.0,0.0043342994020727
1211.5,160,1,60,0,-59,1.550268,0.73307,0.0025576830741794,0.0,99.99999799080176,0.0,0.0045448346742043
1212.0,159,1,59,0,-58,1.6610909,0.50135386,0.0025565769557352,0.0,99.99999798695627,0.0,0.0045491450932449
1212.5,159,1,59,0,-58,1.6610909,0.50135386,0.0025554717936011,0.0,99.99999798215164,0.0,0.0045546583986931
1213.0,163,1,61,0,-60,0.40701336,0.27093607,0.0025543675865376,0.0,99.9999979765451,0.0,0.0045611335934468
1213.5,162,1,61,0,-60,0.38720006,0.1926361,0.0025532643333069,0.0,99.99999797055256,0.0,0.0045680082549263
1214.0,162,1,60,0,-59,0.24785534,0.1323972,0.0025521687511352,0.0,99.99999834852149,0.0,0.0042801228133748
1214.5,162,1,60,0,-59,0.24785534,0.1323972,0.0025510774651315,0.0,99.99999824767218,0.0,0.0044161635807681
1215.0,162,1,61,0,-60,0.7309209,-0.20349295,0.0025500005260444,0.0,99.99999707371614,0.0,0.0071567132387836
1215.5,163,1,62,0,-61,-0.846714,-0.5467331,0.0025489311972615,0.0,99.99999788606122,0.0,0.0057880000744082
1216.0,163,1,62,0,-61,-0.846714,-0.5467331,0.0025478560691271,0.0,99.99999775133404,0.0,0.0055343618330365
1216.5,163,1,62,0,-61,-0.846714,-0.5467331,0.0025467818475792,0.0,99.99999820260024,0.0,0.0051357927321935
1217.0,164,1,63,0,-62,0.59686714,-0.24130867,0.0025456951625227,0.0,99.99999771364094,0.0,0.0050763172298299
1217.5,164,1,65,0,-64,-1.2007308,-0.35796273,0.0025445993863565,0.0,99.9999976600886,0.0,0.0050234070123414
1218.0,165,1,66,0,-65,0.22893637,0.04971303,0.0025434945437516,0.0,99.99999756228672,0.0,0.0048009207139453
1218.5,165,1,66,0,-65,0.22893637,0.04971303,0.0025423906601561,0.0,99.99999705184982,0.0,0.0053686071435728
1219.0,165,1,66,0,-65,0.22893637,0.04971303,0.0025412844036697,0.0,99.99999706054736,0.0,0.0053601831914699
1219.5,162,1,64,0,-63,1.3090422,0.113561615,0.0025401890927765,0.0,99.99999674328912,0.0,0.004813452472003
1220.0,162,1,64,0,-63,1.3090422,0.113561615,0.0025390980505645,0.0,99.99999664680016,0.0,0.0048887242054881
1220.5,162,1,64,0,-63,1.3090422,0.113561615,0.0025380112672516,0.0,99.99999718977818,0.0,0.0051451617873617
1221.0,161,1,62,0,-61,1.6518594,0.2367746,0.002536915456213,0.0,99.99999695932728,0.0,0.0053018762985854
1221.5,158,1,61,0,-60,-0.42977968,-0.46660203,0.0025358305400835,0.0,99.99999625815693,0.0,0.005764448268099
1222.0,160,1,62,0,-61,-0.5797715,1.0981228,0.0025347531785726,0.0,99.99999615928851,0.0,0.0059640379258694
1222.5,161,1,62,0,-61,-0.25346366,-0.40235144,0.0025336833536088,0.0,99.99999814244856,0.0,0.0040669493140378
1223.0,160,1,61,0,-60,1.6340089,0.34524798,0.0025326111233743,0.0,99.9999981201522,0.0,0.0040886040602654
1223.5,161,1,62,0,-61,-0.37139425,-0.24644335,0.0025341443639767,0.0,99.9999967068306,0.0,0.0053639598780112
1224.0,163,1,63,0,-62,0.026916772,0.8874349,0.0025356796091164,0.0,99.99999706274774,0.0,0.0046540230653567
1224.5,162,1,62,0,-61,-0.3940322,1.0524865,0.0025372168622519,0.0,99.999997071666,0.0,0.0046479913193429
1225.0,161,1,62,0,-61,1.695657,0.5125673,0.002538762747601,0.0,99.99999732710091,0.0,0.0043786073770597
1225.5,161,1,62,0,-61,1.695657,0.5125673,0.002540317272463,0.0,99.99999734729188,0.0,0.0044510844062847
1226.0,162,1,63,0,-62,1.8459711,0.4767279,0.0025418638858597,0.0,99.9999971468254,0.0,0.0047028888440431
1226.5,162,1,63,0,-62,1.8459711,0.4767279,0.0025434125224974,0.0,99.99999787895946,0.0,0.0040458287129933
1227.0,161,1,62,0,-61,-0.20645311,-1.0807564,0.0025449532470609,0.0,99.99999821413256,0.0,0.0030799203501671
1227.5,161,1,62,0,-61,-0.20645311,-1.0807564,0.0025464827439034,0.0,99.99999850223654,0.0,0.0031929434286654
1228.0,163,1,63,0,-62,-0.23584396,-1.2422546,0.0025480175798905,0.0,99.99999807455774,0.0,0.0033659664465763
1228.5,164,1,64,0,-63,1.8754458,0.19650507,0.0025495378718834,0.0,99.9999982516858,0.0,0.0031928644381389
1229.0,164,1,64,0,-63,1.8754458,0.19650507,0.0025510469299066,0.0,99.99999826369894,0.0,0.0031313591623266
1229.5,164,1,64,0,-63,1.8754458,0.19650507,0.0025525513822747,0.0,99.99999708964664,0.0,0.0042093450056172
1230.0,164,1,64,0,-63,1.8754458,0.19650507,0.0025540479127442,0.0,99.99999726373764,0.0,0.0048268748016966
1230.5,163,1,63,0,-62,-0.5180876,-0.2866134,0.0025555464703217,0.0,99.99999802559866,0.0,0.0037196597069087
1231.0,163,1,63,0,-62,-0.5180876,-0.2866134,0.0025544457605151,0.0,99.99999698888914,0.0,0.0045027332150549
1231.5,164,1,63,0,-62,1.6180717,0.49834538,0.0025533426873769,0.0,99.99999727281948,0.0,0.0044879398248545
1232.0,163,1,62,0,-61,1.6641934,0.59697247,0.0025522372582568,0.0,99.99999849242212,0.0,0.0030783303788739
1232.5,164,1,63,0,-62,1.6899077,0.47903615,0.0025511427020345,0.0,99.9999988329985,0.0,0.0028462633730241
1233.0,164,1,63,0,-62,1.6899077,0.47903615,0.0025500490842358,0.0,99.99999861163413,0.0,0.0031670541127989
1233.5,163,1,62,0,-61,1.4789242,0.77225703,0.0025489465044868,0.0,99.99999867882148,0.0,0.0029746345173274
1234.0,163,1,62,0,-61,1.4789242,0.77225703,0.0025478547683962,0.0,99.99999759142575,0.0,0.0047697639382984
1234.5,163,1,62,0,-61,1.4789242,0.77225703,0.002546767261171,0.0,99.99999800784354,0.0,0.004438295631002
1235.0,163,1,62,0,-61,1.4789242,0.77225703,0.0025456806819166,0.0,99.99999800799954,0.0,0.0044385448400923
1235.5,163,1,62,0,-61,1.4789242,0.77225703,0.002544591740997,0.0,99.99999756219938,0.0,0.0039560539458147
1236.0,164,1,62,0,-61,1.6847669,0.44511664,0.0025434905888264,0.0,99.9999979413164,0.0,0.0044062746545893
1236.5,164,1,62,0,-61,1.6847669,0.44511664,0.0025423871065207,0.0,99.99999794192908,0.0,0.0044040602710449
1237.0,164,1,62,0,-61,1.6847669,0.44511664,0.0025412944210262,0.0,99.99999767521275,0.0,0.0051313686285185
1237.5,164,1,62,0,-61,1.6847669,0.44511664,0.0025402092286098,0.0,99.99999779805673,0.0,0.0044465023970821
1238.0,169,1,65,0,-64,0.51632804,0.29117006,0.0025391282369371,0.0,99.99999771665752,0.0,0.0046817579127654
1238.5,165,1,63,0,-62,1.7031131,0.64231247,0.0025380514364675,0.0,99.99999746565643,0.0,0.0046656426918025
1239.0,164,1,63,0,-62,1.8127184,0.21933433,0.0025369722801312,0.0,99.99999807588912,0.0,0.0039809019937577
1239.5,163,1,63,0,-62,1.8205627,0.2945521,0.0025358940410997,0.0,99.99999797024202,0.0,0.0039243814886006
1240.0,162,1,62,0,-61,1.7141516,0.1528407,0.002534810191765,0.0,99.99999812560316,0.0,0.004544558210431
1240.5,162,1,62,0,-61,1.7141516,0.1528407,0.0025337077061259,0.0,99.9999987260206,0.0,0.0035462918969987
1241.0,162,1,62,0,-61,1.7141516,0.1528407,0.0025326029215613,0.0,99.9999986207265,0.0,0.0036864304386102
1241.5,163,1,62,0,-61,1.8219085,-0.08464782,0.0025315056094255,0.0,99.99999786944603,0.0,0.0044076929163319
1242.0,162,1,61,0,-60,1.8725936,0.2280371,0.0025304124996465,0.0,99.99999871858692,0.0,0.0038006709910198
1242.5,162,1,61,0,-60,1.8725936,0.2280371,0.0025293300807869,0.0,99.99999816784336,0.0,0.0042934907766381
1243.0,162,1,61,0,-60,1.8725936,0.2280371,0.0025282518339135,0.0,99.99999816907022,0.0,0.0038754450913904
1243.5,162,1,61,0,-60,1.8725936,0.2280371,0.0025271777495411,0.0,99.99999832643664,0.0,0.003773974200626
1244.0,162,1,60,0,-59,1.3797898,0.9888378,0.0025261045773938,0.0,99.99999832919384,0.0,0.0039421275317121
1244.5,160,1,59,0,-58,-0.25169358,-0.29781055,0.002525045268714,0.0,99.9999985553727,0.0,0.0033377438166539
1245.0,160,1,59,0,-58,-0.49124417,0.9105617,0.0025239900835006,0.0,99.99999814437544,0.0,0.004241719301146
1245.5,160,1,59,0,-58,-0.49124417,0.9105617,0.0025229390125301,0.0,99.99999867921387,0.0,0.0032044174048555
1246.0,160,1,59,0,-58,-0.49124417,0.9105617,0.0025218920466261,0.0,99.99999854734024,0.0,0.0034828321775001
1246.5,160,1,61,0,-60,0.15112565,-0.3946994,0.0025208556314045,0.0,99.99999846144443,0.0,0.0038362078725729
1247.0,161,1,62,0,-61,1.8177655,0.53156364,0.0025198168429727,0.0,99.9999982956095,0.0,0.0046197903140424
1247.5,162,1,62,0,-61,1.8371583,0.4406827,0.0025187724661967,0.0,99.99999781255498,0.0,0.0047600608369114
1248.0,161,1,62,0,-61,1.7913322,0.62129015,0.0025177353935543,0.0,99.9999975944242,0.0,0.0047332816985807
1248.5,161,1,62,0,-61,1.7913322,0.62129015,0.0025167120416171,0.0,99.99999695564406,0.0,0.004897959866299
1249.0,162,1,63,0,-62,0.261468,-0.17736591,0.0025156895212396,0.0,99.99999737339732,0.0,0.0047481476390385
1249.5,163,1,63,0,-62,0.261468,-0.17736591,0.0025146678314086,0.0,99.99999778446642,0.0,0.004455079063675
1250.0,162,1,63,0,-62,-0.5743575,-0.5103752,0.0025136405532307,0.0,99.99999694531914,0.0,0.0048390497023286
1250.5,162,1,63,0,-62,-0.5743575,-0.5103752,0.0025126109077173,0.0,99.9999969338484,0.0,0.0049397503887105
1251.0,163,1,62,0,-61,-0.34220484,-0.590013,0.002511582105392,0.0,99.9999982404872,0.0,0.0039932794186732
1251.5,163,1,62,0,-61,-0.34220484,-0.590013,0.0025105541452194,0.0,99.99999800035792,0.0,0.0042779694107982
1252.0,162,1,61,0,-60,0.23996916,-0.42574054,0.0025095270261658,0.0,99.9999983345783,0.0,0.0038312126043133
1252.5,162,1,61,0,-60,0.23996916,-0.42574054,0.0025084943555692,0.0,99.99999728923544,0.0,0.0052032755217618
1253.0,164,1,63,0,-62,0.34154287,-0.41727453,0.0025074593413366,0.0,99.99999863162444,0.0,0.0039128257479995
1253.5,163,1,64,0,-63,-0.3384038,0.24213521,0.0025064283713943,0.0,99.99999867804917,0.0,0.0036792272966072
1254.0,164,1,64,0,-63,-0.44046912,0.77507734,0.0025054110006502,0.0,99.99999818624802,0.0,0.0035649454375531
1254.5,164,1,64,0,-63,-0.44046912,0.77507734,0.0025043848994112,0.0,99.9999987256337,0.0,0.002943665396488
1255.0,162,1,62,0,-61,0.5252663,0.1616192,0.0025046246559319,0.0,99.99999879004552,0.0,0.0026904858513885
1255.5,162,1,62,0,-61,0.5252663,0.1616192,0.0025061350745803,0.0,99.99999878556125,0.0,0.0026963245638771
1256.0,162,1,62,0,-61,0.613637,0.1124793,0.0025076538065778,0.0,99.99999860409376,0.0,0.002817316759906
1256.5,160,1,61,0,-60,0.6782446,-0.037218407,0.0025091744866731,0.0,99.99999845583514,0.0,0.0031535780763745
1257.0,159,1,61,0,-60,0.41922116,0.17274882,0.0025106875577534,0.0,99.99999842397438,0.0,0.0031650102660814
1257.5,158,1,62,0,-61,-0.18098086,-0.62114143,0.0025121866427797,0.0,99.99999881715274,0.0,0.0026546789543552
1258.0,158,1,62,0,-61,0.5960221,0.34911475,0.0025136908642175,0.0,99.999998480598,0.0,0.003667302235613
1258.5,159,1,63,0,-62,0.49754587,-0.3599487,0.0025151938499453,0.0,99.99999839592,0.0,0.003795243250869
1259.0,160,1,63,0,-62,-0.57948995,-0.13411976,0.0025167019799069,0.0,99.9999970881691,0.0,0.005498704990673
1259.5,161,1,63,0,-62,-0.37218228,-0.21799807,0.0025182088795997,0.0,99.9999970723858,0.0,0.0055142743176597
1260.0,162,1,64,0,-63,-0.028037265,0.007008344,0.0025197049792662,0.0,99.99999862867816,0.0,0.0035987776552482
1260.5,162,1,64,0,-63,-0.028037265,0.007008344,0.0025211966571362,0.0,99.99999862473352,0.0,0.0036049925274742
1261.0,161,1,63,0,-62,-0.7195375,-0.19225864,0.002522687104565,0.0,99.99999862104654,0.0,0.0036108925869788
1261.5,162,1,64,0,-63,-1.002238,0.030697688,0.0025216630329763,0.0,99.99999796234968,0.0,0.0043933056419725
1262.0,162,1,64,0,-63,-0.3209398,-0.66910464,0.0025206397924833,0.0,99.99999763086642,0.0,0.0047103878185439
1262.5,163,1,64,0,-63,-0.034017146,0.70760596,0.0025196269334724,0.0,99.99999814296304,0.0,0.0044728046142525
1263.0,164,1,65,0,-64,-0.5318525,-0.1512761,0.0025186212506457,0.0,99.99999815164848,0.0,0.0044653486594615
1263.5,164,1,67,0,-66,0.6161834,-0.35054833,0.0025175877620488,0.0,99.99999782780117,0.0,0.0039233759581682
1264.0,164,1,67,0,-66,0.6161834,-0.35054833,0.0025190760695345,0.0,99.99999791144468,0.0,0.0037449808376166
1264.5,166,1,69,0,-68,-0.6506963,0.027480975,0.0025205631528485,0.0,99.99999818647906,0.0,0.0033934481254185
1265.0,167,1,70,0,-69,-0.149679,0.23763692,0.0025220553742477,0.0,99.99999830528736,0.0,0.0032030022704185
1265.5,168,1,71,0,-70,-0.11044642,0.29887906,0.0025235495577485,0.0,99.9999983160749,0.0,0.0035325104104318
1266.0,168,1,71,0,-70,-0.11044642,0.29887906,0.002525036161945,0.0,99.99999868748878,0.0,0.0040002057361803
1266.5,168,1,71,0,-70,-0.11044642,0.29887906,0.0025265183670076,0.0,99.9999986899731,0.0,0.0039866763800565
1267.0,167,1,70,0,-69,0.033803523,-0.026296437,0.002528005720746,0.0,99.99999891970074,0.0,0.0031845719714013
1267.5,166,1,69,0,-68,-0.7225841,0.15156674,0.0025294886783358,0.0,99.99999829172089,0.0,0.0045152631856886
1268.0,165,1,68,0,-67,-0.87064314,-0.22615291,0.0025309672395726,0.0,99.9999982238404,0.0,0.0046233725054944
1268.5,165,1,68,0,-67,-0.87064314,-0.22615291,0.0025324573260821,0.0,99.99999789835228,0.0,0.0045716808780919
1269.0,167,1,69,0,-68,-0.45898107,0.29241303,0.0025339493913996,0.0,99.99999873445049,0.0,0.0038777069629639
1269.5,168,1,70,0,-69,-1.0126143,0.078591734,0.0025354402531922,0.0,99.99999868665545,0.0,0.0043303073608743
1270.0,167,1,69,0,-68,-0.4116253,-0.74748486,0.0025369267267742,0.0,99.9999986930216,0.0,0.0043226228612531
1270.5,165,1,69,0,-68,-0.30282906,-0.49925023,0.0025384151852967,0.0,99.99999842289672,0.0,0.0046965423048685
1271.0,164,1,68,0,-67,-0.84367347,-0.097348586,0.0025398992573555,0.0,99.99999855087933,0.0,0.0047716598121636
1271.5,162,1,67,0,-66,-0.13675842,-0.46462172,0.0025413757548237,0.0,99.99999861501156,0.0,0.0040218049923968
1272.0,158,1,64,0,-63,-1.1282816,-0.31777912,0.0025428478642209,0.0,99.99999813017244,0.0,0.00399137678787
1272.5,158,1,64,0,-63,-1.1282816,-0.31777912,0.0025443347191392,0.0,99.99999843794087,0.0,0.0042199055075209
1273.0,158,1,64,0,-63,-1.1282816,-0.31777912,0.0025458267609992,0.0,99.9999978966992,0.0,0.0055128994429874
1273.5,158,1,64,0,-63,-1.1282816,-0.31777912,0.0025473239948151,0.0,99.9999978996031,0.0,0.0055087253582028
1274.0,158,1,63,0,-62,0.27493653,0.18873107,0.00255132379654,0.0,99.99999790308364,0.0,0.0055037921321867
1274.5,157,1,62,0,-61,0.1988771,-0.14338969,0.002554069053718,0.0,99.99999790733564,0.0,0.0054978530706927
1275.0,158,1,63,0,-62,-0.31794468,0.5759009,0.0025555676474892,0.0,99.99999798290074,0.0,0.0052605113531285
1275.5,159,1,64,0,-63,-0.14141497,0.8518012,0.0025570650644893,0.0,99.99999819017157,0.0,0.0048752651474303
1276.0,159,1,64,0,-63,-0.14141497,0.8518012,0.0025585613061036,0.0,99.99999796105082,0.0,0.0042276871171256
1276.5,159,1,64,0,-63,-0.14141497,0.8518012,0.0025600563737157,0.0,99.9999970851039,0.0,0.0047705037563944
1277.0,157,1,62,0,-61,-0.03918326,0.29311106,0.0025615438703416,0.0,99.99999792608148,0.0,0.0038611214604152
1277.5,157,1,62,0,-61,-0.03918326,0.29311106,0.0025630301933196,0.0,99.9999979303012,0.0,0.0038580105790016
1278.0,157,1,62,0,-61,-0.03918326,0.29311106,0.0025645153440381,0.0,99.99999792903526,0.0,0.0038607461054212
1278.5,157,1,62,0,-61,-0.03918326,0.29311106,0.0025659961229382,0.0,99.9999978225474,0.0,0.0039920147913561
1279.0,157,1,62,0,-61,-0.03918326,0.29311106,0.0025674725296649,0.0,99.99999782509032,0.0,0.0039919768331628
1279.5,157,1,62,0,-61,-0.03918326,0.29311106,0.0025689413618256,0.0,99.99999706882556,0.0,0.0047625034662986
1280.0,155,1,61,0,-60,-0.46089694,1.0710207,0.0025704314412482,0.0,99.99999814716185,0.0,0.0035105470679548
1280.5,155,1,61,0,-60,-0.46089694,1.0710207,0.0025706780786174,0.0,99.99999814905416,0.0,0.0035102525344355
1281.0,157,1,63,0,-62,0.61737704,-0.21877651,0.0025696731261243,0.0,99.99999800752,0.0,0.0048657796841241
1281.5,158,1,62,0,-61,0.3806827,0.03196539,0.0025686529754808,0.0,99.9999986726928,0.0,0.0034040908793507
1282.0,157,1,61,0,-60,0.077624604,0.15265474,0.0025676304403535,0.0,99.99999882001325,0.0,0.0031883937426692
1282.5,156,1,60,0,-59,0.03782174,0.6022365,0.0025666151022418,0.0,99.99999854854823,0.0,0.0038531882796782
1283.0,155,1,59,0,-58,0.7847481,-0.15855066,0.0025656037559245,0.0,99.99999891048476,0.0,0.002985940341728
1283.5,154,1,59,0,-58,-0.31072995,0.24606112,0.002564596392915,0.0,99.9999989129327,0.0,0.0029824867730947
1284.0,153,1,59,0,-58,-0.33694914,-0.17536832,0.0025635898206604,0.0,99.99999891542456,0.0,0.0029789842824631
1284.5,155,1,61,0,-60,-0.378306,0.7129146,0.0025625840382301,0.0,99.99999832109368,0.0,0.0040687306747304
1285.0,157,1,61,0,-60,0.078292,1.084421,0.0025615790446948,0.0,99.9999983246322,0.0,0.0040622392773295
1285.5,156,1,60,0,-59,-0.8417568,0.17176911,0.0025605653093023,0.0,99.9999985928479,0.0,0.0043071390579724
1286.0,155,1,59,0,-58,-1.2989947,-0.034738883,0.0025595523759565,0.0,99.99999796873206,0.0,0.0053504343561834
1286.5,155,1,59,0,-58,-1.2989947,-0.034738883,0.0025585402437059,0.0,99.999998449061,0.0,0.0047611910996718
1287.0,155,1,59,0,-58,-1.2989947,-0.034738883,0.0025575257425374,0.0,99.99999845255093,0.0,0.0047556766355662
1287.5,155,1,59,0,-58,-1.2989947,-0.034738883,0.0025565215452587,0.0,99.9999984478962,0.0,0.0045969619153595
1288.0,154,1,59,0,-58,-0.7391037,0.32193553,0.0025555276285471,0.0,99.99999844787652,0.0,0.0045967470503357
1288.5,152,1,57,0,-56,0.16736725,-0.5607044,0.0025545281610738,0.0,99.99999871738008,0.0,0.0037104044050213
1289.0,153,1,58,0,-57,-0.2779717,-0.01603721,0.002553532634246,0.0,99.99999824596873,0.0,0.0052076034067846
1289.5,154,1,58,0,-57,-0.08303952,-0.3231414,0.0025525220995978,0.0,99.99999759574573,0.0,0.0052965777260221
1290.0,154,1,58,0,-57,-0.08303952,-0.3231414,0.0025514997478168,0.0,99.99999759048784,0.0,0.0053011822133575
1290.5,154,1,58,0,-57,-0.08303952,-0.3231414,0.0025504876695536,0.0,99.99999875349542,0.0,0.0036337205855893
1291.0,152,1,57,0,-56,-0.23574638,0.010337964,0.0025494763938743,0.0,99.99999795910588,0.0,0.0047568886801369
1291.5,152,1,57,0,-56,-0.23574638,0.010337964,0.0025484722131332,0.0,99.9999989577256,0.0,0.0029456221225954
1292.0,153,1,58,0,-57,-0.022720516,0.023562834,0.0025474813999298,0.0,99.99999835931656,0.0,0.0040216691863343
1292.5,153,1,58,0,-57,-0.022720516,0.023562834,0.0025464913568579,0.0,99.99999769672252,0.0,0.0049105461864689
1293.0,153,1,58,0,-57,-0.022720516,0.023562834,0.0025455083616989,0.0,99.99999845321555,0.0,0.0039327005238808
1293.5,153,1,57,0,-56,-0.13683036,0.39867324,0.0025445135775195,0.0,99.99999767265112,0.0,0.0050978891339867
1294.0,152,1,56,0,-55,-0.17209363,-0.021282062,0.0025435070328462,0.0,99.99999776034188,0.0,0.0051668285146862
1294.5,152,1,56,0,-55,-0.17209363,-0.021282062,0.0025424981522542,0.0,99.99999775554468,0.0,0.0051703154679934
1295.0,152,1,56,0,-55,-0.010149509,-0.60905343,0.0025414932011362,0.0,99.99999777947608,0.0,0.0052145923752005
1295.5,152,1,56,0,-55,-0.010149509,-0.60905343,0.0025405015521184,0.0,99.99999743630354,0.0,0.0053990057947928
1296.0,153,1,56,0,-55,-0.019714892,-0.19889484,0.002539507552082,0.0,99.9999974399308,0.0,0.0048171622588749
1296.5,154,1,57,0,-56,0.036162615,-0.72556657,0.0025385205738237,0.0,99.99999744696647,0.0,0.0048102129452182
1297.0,155,1,57,0,-56,0.43250072,0.8623792,0.0025375312427387,0.0,99.99999856217435,0.0,0.0042302805453166
1297.5,156,1,58,0,-57,0.33778003,0.73325485,0.0025365270962294,0.0,99.99999832362325,0.0,0.004479582172644
1298.0,156,1,58,0,-57,0.33778003,0.73325485,0.0025355237441233,0.0,99.99999830512472,0.0,0.0045042788997741
1298.5,156,1,58,0,-57,-0.45040235,-0.04123704,0.002534521185478,0.0,99.99999898197468,0.0,0.0029996987333159
1299.0,157,1,58,0,-57,-0.091622084,-0.6430429,0.0025335349686745,0.0,99.99999781555344,0.0,0.0050754714514589
1299.5,157,1,58,0,-57,-0.091622084,-0.6430429,0.0025325588415015,0.0,99.99999741216853,0.0,0.0054847061333859
1300.0,157,1,59,0,-58,-0.9934163,-0.34059483,0.002531571045892,0.0,99.9999981848228,0.0,0.0036649670009253
1300.5,155,1,58,0,-57,-0.9054706,-0.43040377,0.0025305809178995,0.0,99.99999871901932,0.0,0.0031978089604348
1301.0,156,1,58,0,-57,-0.98559666,-0.30149478,0.0025295884639,0.0,99.99999872226498,0.0,0.0031935136544562
1301.5,156,1,58,0,-57,-0.98559666,-0.30149478,0.002528596788045,0.0,99.99999872492504,0.0,0.0031899118828393
1302.0,156,1,58,0,-57,-0.98559666,-0.30149478,0.0025276027940787,0.0,99.99999891195208,0.0,0.002723583936743
1302.5,156,1,59,0,-58,-0.4165615,0.4671041,0.0025266064883842,0.0,99.99999705411015,0.0,0.0050812628214802
1303.0,158,1,60,0,-59,-1.045399,0.0049843043,0.0025256233297113,0.0,99.99999727487828,0.0,0.0052603081380241
1303.5,157,1,60,0,-59,-1.2655952,0.081114635,0.0025246502001739,0.0,99.9999984423084,0.0,0.0042927020370027
1304.0,156,1,59,0,-58,-0.021775916,-1.2620515,0.0025236809059818,0.0,99.99999751352814,0.0,0.0055188888959441
1304.5,156,1,59,0,-58,0.7904625,-0.67996925,0.0025227123557904,0.0,99.99999755992084,0.0,0.005259033294717
1305.0,156,1,58,0,-57,0.016782284,0.533842,0.0025217507107696,0.0,99.99999648128424,0.0,0.0069236118027294
1305.5,158,1,59,0,-58,0.33930388,-1.3901614,0.0025207805626323,0.0,99.99999695227066,0.0,0.0042820275998822
1306.0,157,1,59,0,-58,0.5653112,-1.023098,0.0025198111606635,0.0,99.9999984907572,0.0,0.0030979553319948
1306.5,155,1,58,0,-57,0.75449264,-0.5831258,0.0025188455779249,0.0,99.99999849361608,0.0,0.0030957972150854
1307.0,156,1,59,0,-58,-0.04805392,-0.95796674,0.0025178807349186,0.0,99.999998497663,0.0,0.0030920642970067
1307.5,158,1,61,0,-60,0.41690496,-0.736731,0.0025169227692491,0.0,99.9999986044153,0.0,0.0029117275395695
1308.0,157,1,60,0,-59,0.014243692,-1.0273876,0.0025159655322473,0.0,99.99999860866136,0.0,0.0029073036256872
1308.5,157,1,60,0,-59,0.014243692,-1.0273876,0.0025150090230822,0.0,99.999998613121,0.0,0.0029026203617285
1309.0,158,1,60,0,-59,0.18207932,-1.1463268,0.0025140501786875,0.0,99.99999751567492,0.0,0.004504975856365
1309.5,158,1,60,0,-59,0.18207932,-1.1463268,0.002513098184944,0.0,99.99999674129108,0.0,0.0052875226112485
1310.0,157,1,59,0,-58,0.33426553,-0.461016,0.0025121499695109,0.0,99.99999801812972,0.0,0.0036239129532069
1310.5,156,1,59,0,-58,-0.101198375,0.744366,0.002511202469349,0.0,99.99999812826908,0.0,0.0034413433621941
1311.0,156,1,59,0,-58,-0.101198375,0.744366,0.0025102556836494,0.0,99.9999981338036,0.0,0.0034371992961527
1311.5,155,1,59,0,-58,0.7070406,0.12674132,0.002509309611604,0.0,99.99999792645087,0.0,0.0037079527562206
1312.0,154,1,58,0,-57,-0.097994804,-0.42687428,0.0025083581556275,0.0,99.99999792325757,0.0,0.0037104738286007
1312.5,154,1,58,0,-57,-0.097994804,-0.42687428,0.0025074013287769,0.0,99.99999777125532,0.0,0.0043437510709613
1313.0,156,1,59,0,-58,-0.7959552,1.2632326,0.0025064452316215,0.0,99.999997770731,0.0,0.0043489825723303
1313.5,155,1,59,0,-58,-0.22882673,-0.10694106,0.0025054929047451,0.0,99.99999704697277,0.0,0.0056871871591866
1314.0,156,1,60,0,-59,-0.27335736,-0.03455715,0.002504538262161,0.0,99.99999740741788,0.0,0.0054546968944934
1314.5,156,1,60,0,-59,-0.27335736,-0.03455715,0.0025035600526912,0.0,99.99999809238182,0.0,0.0039140674867509
1315.0,160,1,61,0,-60,-0.27162364,1.1603479,0.0025025674353412,0.0,99.9999975873134,0.0,0.0046460099803163
1315.5,161,1,61,0,-60,0.061917275,0.641501,0.0025015786367123,0.0,99.99999841409736,0.0,0.0034838704533238
1316.0,161,1,61,0,-60,0.061917275,0.641501,0.0025006027373361,0.0,99.99999871659472,0.0,0.00272201972064
1316.5,162,1,62,0,-61,-0.38646695,-0.34110492,0.0024996336534979,0.0,99.99999858280589,0.0,0.0028828225676037
1317.0,162,1,62,0,-61,-0.38646695,-0.34110492,0.0024986653204865,0.0,99.99999858450052,0.0,0.0028825534755411
1317.5,162,1,62,0,-61,-0.38646695,-0.34110492,0.0024976765799256,0.0,99.99999819416271,0.0,0.0034566434681549
1318.0,162,1,62,0,-61,-0.38646695,-0.34110492,0.0024966916416473,0.0,99.9999982327051,0.0,0.003568849245937
1318.5,163,1,63,0,-62,0.01711893,-0.3848148,0.0024957074798674,0.0,99.99999848048944,0.0,0.0032506200713244
1319.0,162,1,63,0,-62,0.06969039,0.55761826,0.0024947240936681,0.0,99.99999848491775,0.0,0.0032456031850386
1319.5,162,1,63,0,-62,0.06969039,0.55761826,0.0024937354562303,0.0,99.99999882470294,0.0,0.0032029749504151
1320.0,163,1,62,0,-61,-0.32752374,-0.30323976,0.0024927476020589,0.0,99.99999882046828,0.0,0.0032052590440515
1320.5,162,1,61,0,-60,-0.93787,-0.324587,0.0024917635384008,0.0,99.99999863793003,0.0,0.0039494476542864
1321.0,160,1,62,0,-61,0.5843114,0.23252279,0.0024907772455913,0.0,99.99999863755144,0.0,0.0039479534599876
1321.5,160,1,63,0,-62,-0.06836596,0.49793005,0.0024897947366897,0.0,99.99999855355784,0.0,0.0030521521337252
1322.0,160,1,63,0,-62,-0.06836596,0.49793005,0.0024888130026009,0.0,99.99999858366516,0.0,0.0046687916624155
1322.5,159,1,63,0,-62,0.22344227,0.17912573,0.0024878290437166,0.0,99.99999851896814,0.0,0.0046396164142144
1323.0,159,1,63,0,-62,-0.23849043,0.57365113,0.0024868488588689,0.0,99.99999812219566,0.0,0.0050313295991893
1323.5,157,1,62,0,-61,0.39419547,0.8155402,0.0024858664521241,0.0,99.99999812286389,0.0,0.0050345561648027
1324.0,157,1,62,0,-61,0.21134862,-1.1219543,0.0024848818296627,0.0,99.9999986333938,0.0,0.0042883424324
1324.5,157,1,62,0,-61,-0.4503636,0.73495525,0.0024839069545784,0.0,99.99999817252112,0.0,0.0049198128118904
1325.0,158,1,61,0,-60,0.20583865,-0.2615294,0.0024829477787,0.0,99.99999864525095,0.0,0.003922605742166
1325.5,160,1,62,0,-61,-0.68982613,1.3435715,0.00248199232795,0.0,99.99999864188882,0.0,0.0039265893126149
1326.0,160,1,62,0,-61,-0.68982613,1.3435715,0.0024810376122417,0.0,99.99999863801172,0.0,0.0039312617324029
1326.5,160,1,62,0,-61,-0.68982613,1.3435715,0.002480083630727,0.0,99.99999765525016,0.0,0.005943604174935
1327.0,160,1,62,0,-61,0.43008482,0.013158292,0.0024791274048076,0.0,99.99999760984774,0.0,0.0055317136708777
1327.5,159,1,61,0,-60,0.052046597,0.6478415,0.0024781689405227,0.0,99.99999760724316,0.0,0.0055330436566953
1328.0,159,1,61,0,-60,0.052046597,0.6478415,0.002477211217062,0.0,99.99999760259,0.0,0.0055369960312484
1328.5,158,1,62,0,-61,-0.033761114,0.35417825,0.0024762601752817,0.0,99.99999889593563,0.0,0.003529348064396
1329.0,157,1,61,0,-60,-0.24243715,0.9013899,0.0024753098634621,0.0,99.99999786597716,0.0,0.0046300444388686
1329.5,157,1,61,0,-60,-0.24243715,0.9013899,0.0024743573144591,0.0,99.9999983457962,0.0,0.0049485204706712
1330.0,158,1,62,0,-61,0.3816281,-0.3144738,0.0024733847503367,0.0,99.99999833045224,0.0,0.0043195384160624
1330.5,158,1,62,0,-61,0.3816281,-0.3144738,0.0024724129504607,0.0,99.999998337605,0.0,0.0043064560809205
1331.0,157,1,62,0,-61,-0.2458289,0.6473234,0.0024714419139305,0.0,99.99999838152716,0.0,0.0050847211922015
1331.5,157,1,62,0,-61,-0.2458289,0.6473234,0.0024704864248925,0.0,99.99999814647973,0.0,0.0047113951251928
1332.0,158,1,63,0,-62,-0.46447667,0.6468638,0.0024695169007562,0.0,99.99999898419884,0.0,0.0034301101313067
1332.5,158,1,63,0,-62,-0.46447667,0.6468638,0.0024685540420778,0.0,99.99999867901693,0.0,0.0040215567446687
1333.0,158,1,64,0,-63,0.12725903,0.1587544,0.0024675919339393,0.0,99.99999867510478,0.0,0.0040313115647865
1333.5,161,1,66,0,-65,-1.1986212,0.020905554,0.0024666158365341,0.0,99.99999819542252,0.0,0.0054485346873864
1334.0,160,1,65,0,-64,-1.4084222,0.23088753,0.002465640511047,0.0,99.999999007103,0.0,0.0024342921715783
1334.5,160,1,65,0,-64,-1.4084222,0.23088753,0.0024658806895868,0.0,99.99999799846223,0.0,0.0042278833411672
1335.0,159,1,64,0,-63,-0.6831211,-0.40132642,0.0024673202419334,0.0,99.9999986301322,0.0,0.00391741325034
1335.5,161,1,65,0,-64,-0.04250607,-0.8632204,0.0024675684189425,0.0,99.9999986973843,0.0,0.0037488213499452
1336.0,159,1,63,0,-62,0.09171119,-0.22136305,0.0024666265899483,0.0,99.99999829553504,0.0,0.0038225738134562
1336.5,159,1,63,0,-62,-0.41701815,-0.021114811,0.002465682539796,0.0,99.99999867819932,0.0,0.0032100654277259
1337.0,160,1,64,0,-63,-0.12846026,0.17143843,0.0024647450871957,0.0,99.99999797754522,0.0,0.0037957375434451
1337.5,160,1,64,0,-63,-0.12846026,0.17143843,0.0024637936703853,0.0,99.99999716886916,0.0,0.005290903221731
1338.0,158,1,62,0,-61,0.12096591,0.3680011,0.0024628429878048,0.0,99.99999824573754,0.0,0.004035460281692
1338.5,158,1,62,0,-61,0.12096591,0.3680011,0.0024618930386045,0.0,99.99999875655686,0.0,0.0029742439490314
1339.0,157,1,61,0,-60,-1.2635261,0.015580893,0.0024609438219361,0.0,99.99999875375332,0.0,0.0029766793868152
1339.5,158,1,62,0,-61,0.66931236,-0.79571074,0.0024599982632507,0.0,99.999998836635,0.0,0.0027771030301893
1340.0,158,1,62,0,-61,0.07895684,0.41139233,0.0024590592790247,0.0,99.99999755504268,0.0,0.0051421056959664
1340.5,158,1,62,0,-61,0.07895684,0.41139233,0.0024581297768902,0.0,99.9999976440843,0.0,0.0046767547582621
1341.0,158,1,62,0,-61,0.07895684,0.41139233,0.0024572068164913,0.0,99.99999867169991,0.0,0.0038061436726248
1341.5,158,1,62,0,-61,0.07895684,0.41139233,0.0024562845489249,0.0,99.99999867570084,0.0,0.0038018223794098
1342.0,157,1,61,0,-60,0.05749002,0.05000712,0.0024553629734113,0.0,99.99999779704356,0.0,0.0040439434818112
1342.5,155,1,60,0,-59,-0.58931386,-0.3304714,0.0024544391760775,0.0,99.99999758479026,0.0,0.0042294172214578
1343.0,154,1,60,0,-59,-0.8624375,-0.23747645,0.0024535044300703,0.0,99.9999974270578,0.0,0.0047106330654504
1343.5,154,1,59,0,-58,0.24461618,-0.9360679,0.0024525674871145,0.0,99.99999896982676,0.0,0.0027207791033234
1344.0,153,1,58,0,-57,-0.40872517,-0.7865532,0.0024516370723564,0.0,99.99999797720128,0.0,0.0040304136343339
1344.5,153,1,58,0,-57,-0.40872517,-0.7865532,0.0024507189802733,0.0,99.99999770047744,0.0,0.005243997984331
1345.0,153,1,58,0,-57,-0.40872517,-0.7865532,0.00244979867346,0.0,99.99999746100696,0.0,0.00482760807538
1345.5,154,1,59,0,-58,-0.18850514,0.56541497,0.0024488761576801,0.0,99.99999734037694,0.0,0.0046891189480368
1346.0,154,1,59,0,-58,-0.18850514,0.56541497,0.0024479456432959,0.0,99.9999988216908,0.0,0.002971639752219
1346.5,155,1,60,0,-59,-0.00684911,0.4819178,0.0024470071493313,0.0,99.99999795901586,0.0,0.0048974370024317
1347.0,155,1,61,0,-60,-0.39450017,1.1157023,0.0024460867343559,0.0,99.99999750195828,0.0,0.0043057544470937
1347.5,155,1,61,0,-60,-0.39450017,1.1157023,0.0024451583381909,0.0,99.99999820892394,0.0,0.0038939308139036
1348.0,156,1,61,0,-60,0.4036419,0.011420965,0.0024442306464919,0.0,99.99999818515202,0.0,0.0037132614259765
1348.5,156,1,61,0,-60,-0.6495863,0.6792917,0.0024433007717427,0.0,99.99999818292656,0.0,0.0037173412120918
1349.0,156,1,61,0,-60,-0.13889024,0.20569964,0.0024423600662318,0.0,99.9999978677065,0.0,0.0041153780801964
1349.5,157,1,61,0,-60,0.2090518,0.1570682,0.0024414258493635,0.0,99.99999865255292,0.0,0.0034295390912615
1350.0,156,1,60,0,-59,-0.45504895,1.3594261,0.0024404981070798,0.0,99.99999756749472,0.0,0.0054634031889816
1350.5,155,1,60,0,-59,0.62175393,-0.024567649,0.0024395768254357,0.0,99.99999811937649,0.0,0.0035001847383174
1351.0,154,1,59,0,-58,-0.4382681,1.1077236,0.0024386591148422,0.0,99.99999774194804,0.0,0.0045686990913381
1351.5,154,1,59,0,-58,0.09290473,-0.5776072,0.0024377449680252,0.0,99.99999774079586,0.0,0.0045707148477511
1352.0,154,1,59,0,-58,0.15667738,0.4020282,0.002436834377747,0.0,99.9999968475444,0.0,0.0061490914268361
1352.5,152,1,58,0,-57,0.96483433,-0.6752336,0.002438251573379,0.0,99.99999853102597,0.0,0.0034621764522441
1353.0,153,1,59,0,-58,0.050798,-1.2229422,0.0024373271352222,0.0,99.99999807421148,0.0,0.0039354199602833
1353.5,153,1,59,0,-58,0.050798,-1.2229422,0.0024364062654482,0.0,99.99999831330884,0.0,0.0036084216349043
1354.0,153,1,59,0,-58,0.050798,-1.2229422,0.0024354946877978,0.0,99.9999979381117,0.0,0.0048636594996844
1354.5,153,1,59,0,-58,0.1575638,-1.1155567,0.0024345866554071,0.0,99.99999691905872,0.0,0.0046243580205985
1355.0,154,1,57,0,-56,-0.24676019,-1.0041715,0.0024336792998528,0.0,99.99999827615116,0.0,0.0037094492953068
1355.5,152,1,55,0,-54,-0.009507224,0.4399606,0.0024327611839437,0.0,99.99999782195016,0.0,0.0052421387168881
1356.0,150,1,55,0,-54,0.044523418,0.44763696,0.0024318494743915,0.0,99.99999893916416,0.0,0.0027020123131727
1356.5,150,1,55,0,-54,0.044523418,0.44763696,0.0024309298835267,0.0,99.99999740163432,0.0,0.0041377412067206
1357.0,151,1,56,0,-55,-0.6638539,0.08671518,0.0024300081352446,0.0,99.99999851590822,0.0,0.0035935185878854
1357.5,151,1,56,0,-55,-0.6638539,0.08671518,0.0024291098896456,0.0,99.99999796177302,0.0,0.0045192656262573
1358.0,155,1,58,0,-57,0.42747793,-0.058886006,0.0024305470021103,0.0,99.99999842662632,0.0,0.0045945841887394
1358.5,155,1,58,0,-57,0.42747793,-0.058886006,0.0024296577723837,0.0,99.99999813716852,0.0,0.004365252272441
1359.0,156,1,62,0,-61,0.032763034,-0.45101875,0.0024287691930789,0.0,99.99999813513548,0.0,0.0043681007354166
1359.5,155,1,61,0,-60,0.03647147,0.14554688,0.0024278784185981,0.0,99.9999981105047,0.0,0.0036500994540408
1360.0,155,1,61,0,-60,0.03647147,0.14554688,0.0024269769261493,0.0,99.99999652716905,0.0,0.005480832153603
1360.5,155,1,61,0,-60,0.47634575,-0.25098974,0.0024260675809694,0.0,99.99999843082708,0.0,0.0038712682410456
1361.0,155,1,61,0,-60,0.47634575,-0.25098974,0.00242516175548,0.0,99.99999764046652,0.0,0.0046927845596539
1361.5,156,1,60,0,-59,0.35936317,-0.06830512,0.0024242622789703,0.0,99.99999754376071,0.0,0.005391778661181
1362.0,156,1,60,0,-59,0.35936317,-0.06830512,0.0024233634694331,0.0,99.99999805404433,0.0,0.0045644185999141
1362.5,155,1,59,0,-58,-0.31099382,1.2468493,0.0024224709905591,0.0,99.9999978090721,0.0,0.0055571699064662
1363.0,155,1,59,0,-58,0.050851226,1.4007899,0.0024215961497556,0.0,99.99999808586936,0.0,0.0045197048767127
1363.5,155,1,59,0,-58,-0.056673676,0.06898196,0.0024207219405965,0.0,99.99999760297707,0.0,0.0056183109458797
1364.0,156,1,59,0,-58,0.48843554,-0.016905248,0.0024198455363076,0.0,99.9999975992274,0.0,0.0056200146880345
1364.5,155,1,58,0,-57,-0.37787786,1.2284788,0.0024189810626004,0.0,99.99999734532376,0.0,0.0063176601516454
1365.0,155,1,58,0,-57,-0.37787786,1.2284788,0.0024181172063277,0.0,99.99999829402762,0.0,0.0049742330487703
1365.5,155,1,58,0,-57,-0.37787786,1.2284788,0.002417253966828,0.0,99.99999784637974,0.0,0.0040531353062283
1366.0,158,1,61,0,-60,0.5644424,0.039987877,0.002416385707405,0.0,99.99999861557176,0.0,0.0035690300826001
1366.5,154,1,58,0,-57,-1.0957063,-0.092405364,0.0024155096235675,0.0,99.9999982499508,0.0,0.0040682109139331
1367.0,154,1,58,0,-57,-1.0957063,-0.092405364,0.0024146060358158,0.0,99.99999882091328,0.0,0.0029733122863451
1367.5,153,1,57,0,-56,-0.83644474,-0.11089681,0.0024136918768551,0.0,99.9999981473683,0.0,0.0044275561522884
1368.0,152,1,56,0,-55,0.05052246,-0.38859153,0.0024127812194326,0.0,99.99999814023413,0.0,0.0044335796578016
1368.5,151,1,57,0,-56,0.8620833,-0.9672577,0.0024118824789309,0.0,99.99999811706152,0.0,0.0049512094660956
1369.0,151,1,57,0,-56,0.8908725,-0.9858064,0.002410981602302,0.0,99.99999790157152,0.0,0.0052345411050028
1369.5,151,1,57,0,-56,0.8908725,-0.9858064,0.0024100813984055,0.0,99.99999825819653,0.0,0.0047795808346785
1370.0,151,1,57,0,-56,0.8908725,-0.9858064,0.0024091846677255,0.0,99.99999823448356,0.0,0.0048188610114008
1370.5,151,1,57,0,-56,0.8908725,-0.9858064,0.0024082858049451,0.0,99.99999810355882,0.0,0.0049660390415076
1371.0,151,1,57,0,-56,0.8908725,-0.9858064,0.0024073848155829,0.0,99.99999766313938,0.0,0.0049332342114225
1371.5,151,1,57,0,-56,0.8908725,-0.9858064,0.0024064817051641,0.0,99.99999845687935,0.0,0.0041439331158798
1372.0,151,1,57,0,-56,0.8908725,-0.9858064,0.0024055764792205,0.0,99.99999842150432,0.0,0.0042045517398341
1372.5,152,1,58,0,-57,0.49622425,-0.876339,0.0024046719340432,0.0,99.99999834822844,0.0,0.0043240418875388
1373.0,153,1,59,0,-58,0.11386606,-0.9177,0.0024037513370286,0.0,99.99999854011652,0.0,0.0039269292141363
1373.5,153,1,59,0,-58,0.11386606,-0.9177,0.0024028342311104,0.0,99.99999842054709,0.0,0.0041714484654038
1374.0,155,1,60,0,-59,-0.15590146,-0.9709577,0.00240191504037,0.0,99.99999855590224,0.0,0.0038951174248963
1374.5,154,1,59,0,-58,-1.0493922,0.48895907,0.0024009882059565,0.0,99.9999980299491,0.0,0.0047726333243819
1375.0,158,1,62,0,-61,-0.48753223,0.69581544,0.002400070426777,0.0,99.99999878433398,0.0,0.0037950457508422
1375.5,157,1,61,0,-60,0.7633698,0.17586467,0.0023991477930619,0.0,99.99999799440728,0.0,0.0049698023076894
1376.0,157,1,61,0,-60,0.7633698,0.17586467,0.0023982258684309,0.0,99.99999799186466,0.0,0.0049720559618981
1376.5,158,1,62,0,-61,0.7271608,-0.18133788,0.0023973046520668,0.0,99.99999807457525,0.0,0.0049258877322492
1377.0,158,1,62,0,-61,0.7271608,-0.18133788,0.0023963869147096,0.0,99.99999846517868,0.0,0.0043629462428756
1377.5,158,1,62,0,-61,0.7271608,-0.18133788,0.0023954698797409,0.0,99.99999800379145,0.0,0.0047670607357282
1378.0,158,1,62,0,-61,0.7271608,-0.18133788,0.0023945507790379,0.0,99.99999799510496,0.0,0.0047780593442373
1378.5,159,1,62,0,-61,0.7113241,-0.2197244,0.0023936323833508,0.0,99.99999821448824,0.0,0.0048084994156458
1379.0,158,1,61,0,-60,0.8304074,0.21819387,0.0023927091657389,0.0,99.9999981068362,0.0,0.0049116312505788
1379.5,155,1,60,0,-59,0.6575544,-0.048230216,0.0023917838990925,0.0,99.9999986482452,0.0,0.0045107504553302
1380.0,157,1,61,0,-60,1.784612,0.5707632,0.0023908455539157,0.0,99.99999892974051,0.0,0.0033381366250121
1380.5,157,1,61,0,-60,1.784612,0.5707632,0.0023899051881242,0.0,99.99999806461824,0.0,0.0052559904867545
1381.0,157,1,61,0,-60,1.784612,0.5707632,0.0023889600529445,0.0,99.99999795568124,0.0,0.0055452141726982
1381.5,164,1,66,0,-65,0.33775958,-0.42281032,0.0023880156650139,0.0,99.9999985132469,0.0,0.00389088624639
1382.0,165,1,67,0,-66,-0.2953085,0.28930494,0.0023870747735043,0.0,99.99999873007825,0.0,0.0036163345215094
1382.5,165,1,67,0,-66,-0.2953085,0.28930494,0.0023861373710339,0.0,99.99999896881788,0.0,0.003405314253982
1383.0,164,1,66,0,-65,0.25792325,-0.48255396,0.0023852061960105,0.0,99.99999855340909,0.0,0.0041551177724674
1383.5,164,1,65,0,-64,0.23275939,-0.47862864,0.002384281234717,0.0,99.99999857764384,0.0,0.0040750994178667
1384.0,164,1,65,0,-64,0.23275939,-0.47862864,0.0023833652150607,0.0,99.99999915865304,0.0,0.0029900081762571
1384.5,162,1,64,0,-63,-0.11041477,0.5883999,0.0023824553778295,0.0,99.99999892421708,0.0,0.0034778711236717
1385.0,162,1,64,0,-63,-0.13097283,0.86099225,0.0023815599217487,0.0,99.99999732571769,0.0,0.0041068917954803
1385.5,162,1,64,0,-63,-0.13097283,0.86099225,0.002380665138537,0.0,99.99999842898664,0.0,0.003666627901634
1386.0,161,1,64,0,-63,0.59013987,0.1685157,0.0023797682941816,0.0,99.99999843198349,0.0,0.0036625766803027
1386.5,161,1,64,0,-63,0.59013987,0.1685157,0.0023788693941001,0.0,99.99999805094478,0.0,0.0043027819678234
1387.0,160,1,64,0,-63,0.6416286,0.40860933,0.0023779793602409,0.0,99.99999845696956,0.0,0.0046440495316024
1387.5,160,1,64,0,-63,0.6416286,0.40860933,0.0023770954463478,0.0,99.9999982148661,0.0,0.005349224050509
1388.0,163,1,66,0,-65,-0.38114265,1.2406138,0.0023762176395167,0.0,99.99999809355651,0.0,0.004946528252605
1388.5,164,1,67,0,-66,-0.56665707,-0.3219611,0.0023753377576674,0.0,99.9999976772706,0.0,0.0061515339403535
1389.0,165,1,68,0,-67,-0.34446338,0.8987472,0.0023744503640174,0.0,99.99999773128243,0.0,0.0032856542138794
1389.5,165,1,68,0,-67,-0.34446338,0.8987472,0.0023735636331561,0.0,99.99999771407984,0.0,0.0032975914000062
1390.0,163,1,66,0,-65,-0.13482237,-0.4199925,0.0023726748473563,0.0,99.9999970278498,0.0,0.0044424930033416
1390.5,164,1,67,0,-66,-0.5242231,1.2042346,0.0023717840119779,0.0,99.9999970100676,0.0,0.0044563788414265
1391.0,166,1,68,0,-67,-0.2547039,-0.26899195,0.0023708911323865,0.0,99.9999985500306,0.0,0.0037018056288803
1391.5,165,1,67,0,-66,-0.3573636,1.2139951,0.002370004346533,0.0,99.99999753435672,0.0,0.0048229078934358
1392.0,164,1,67,0,-66,0.71094084,-0.0983132,0.0023691128061295,0.0,99.999998970096,0.0,0.003295857430888
1392.5,166,1,68,0,-67,0.21381283,-0.6979951,0.0023682192294372,0.0,99.9999990045066,0.0,0.0031671841796921
1393.0,165,1,67,0,-66,0.1125606,-0.5901771,0.0023673290313145,0.0,99.99999815511534,0.0,0.0039886773200383
1393.5,165,1,67,0,-66,0.1125606,-0.5901771,0.0023664422049028,0.0,99.99999820413925,0.0,0.0036697634773989
1394.0,167,1,68,0,-67,0.2814921,-0.52018887,0.0023655560426713,0.0,99.99999858514246,0.0,0.0039291209819118
1394.5,168,1,69,0,-68,-0.62529385,1.2089372,0.0023646705438742,0.0,99.99999882359296,0.0,0.003128168756586
1395.0,167,1,68,0,-67,-0.41156664,1.2159578,0.0023637830111081,0.0,99.99999845098016,0.0,0.0036415833725187
1395.5,165,1,66,0,-65,1.6079597,0.43995053,0.0023629203962681,0.0,99.99999847214715,0.0,0.0037491321881749
1396.0,166,1,67,0,-66,-0.3668566,0.92883855,0.0023620637962423,0.0,99.99999831154418,0.0,0.0040847950717648
1396.5,165,1,66,0,-65,0.51710486,-0.15465175,0.0023612158894331,0.0,99.9999974952153,0.0,0.0045543247729768
1397.0,165,1,66,0,-65,0.51710486,-0.15465175,0.0023603632134203,0.0,99.99999852082443,0.0,0.0034874219314918
1397.5,163,1,64,0,-63,-0.3287194,-0.33624887,0.0023595030922927,0.0,99.99999851924844,0.0,0.0034876648461331
1398.0,162,1,62,0,-61,-0.39105847,-0.2678038,0.0023586489676926,0.0,99.999998607538,0.0,0.0035275977918976
1398.5,161,1,61,0,-60,0.45542234,-0.3146661,0.0023577927782354,0.0,99.99999800122504,0.0,0.0037341576339115
1399.0,160,1,61,0,-60,-0.03307286,-0.72469765,0.0023569291669984,0.0,99.9999976462556,0.0,0.0039201642819835
1399.5,161,1,62,0,-61,-0.3633007,-0.2529205,0.0023571952446741,0.0,99.99999846254758,0.0,0.0041116057365386
1400.0,160,1,61,0,-60,0.5989746,-0.69593674,0.0023585843946963,0.0,99.9999984762582,0.0,0.0039216336381036
1400.5,160,1,61,0,-60,1.0578675,-0.05919613,0.0023599725029684,0.0,99.99999841762684,0.0,0.0039050225007029
1401.0,160,1,61,0,-60,1.0578675,-0.05919613,0.0023613542065384,0.0,99.99999805217102,0.0,0.0044362286564391
1401.5,161,1,63,0,-62,-0.3927591,-0.40494984,0.0023627375510639,0.0,99.9999975571321,0.0,0.0050492249600904
1402.0,161,1,63,0,-62,-0.3927591,-0.40494984,0.0023641332721965,0.0,99.99999794498714,0.0,0.004458625036621
1402.5,162,1,63,0,-62,0.44996917,0.08054674,0.0023655306446836,0.0,99.99999860713228,0.0,0.0033019436350131
1403.0,163,1,64,0,-63,0.14277111,-0.6780183,0.0023669216182621,0.0,99.99999867407908,0.0,0.0031380096997993
1403.5,165,1,65,0,-64,-0.26444224,0.5205017,0.0023683115605121,0.0,99.99999828075772,0.0,0.0036339805153405
1404.0,165,1,64,0,-63,-0.21864569,0.43394023,0.0023697031581309,0.0,99.999997981976,0.0,0.0039812370783478
1404.5,165,1,64,0,-63,-0.21864569,0.43394023,0.0023710937278736,0.0,99.999997978486,0.0,0.0039869117036813
1405.0,165,1,64,0,-63,-0.21864569,0.43394023,0.0023702237387023,0.0,99.9999977662958,0.0,0.0040863509449548
1405.5,164,1,63,0,-62,0.31726176,-0.0039123744,0.0023693517055256,0.0,99.99999817181468,0.0,0.003993463412728
1406.0,163,1,62,0,-61,-0.83199024,-0.3781206,0.0023684776335592,0.0,99.99999817180192,0.0,0.0039926205264099
1406.5,163,1,62,0,-61,-0.83199024,-0.3781206,0.0023676042062587,0.0,99.99999852290172,0.0,0.0034783114378877
1407.0,162,1,62,0,-61,-0.5985433,0.019982174,0.0023667367754483,0.0,99.99999895409928,0.0,0.0025719339763059
1407.5,161,1,61,0,-60,-0.7297573,-0.14418249,0.0023658726543327,0.0,99.99999926295432,0.0,0.0022522475708951
1408.0,162,1,62,0,-61,-0.9429586,-0.28556156,0.0023650011469069,0.0,99.9999991051448,0.0,0.0025030376905622
1408.5,162,1,62,0,-61,-0.9429586,-0.28556156,0.0023641222701899,0.0,99.99999845036557,0.0,0.0042489569403508
1409.0,160,1,60,0,-59,-0.5572649,-0.011657819,0.0023632387096919,0.0,99.9999980970086,0.0,0.0047549667513805
1409.5,160,1,61,0,-60,0.6797979,0.19087741,0.0023623398112385,0.0,99.99999852475916,0.0,0.0038003014397191
1410.0,158,1,59,0,-58,-0.16788808,-0.037277535,0.0023614575823322,0.0,99.99999856908973,0.0,0.0035942086853692
1410.5,159,1,60,0,-59,-0.06856161,-0.40324515,0.0023605786744893,0.0,99.99999862763632,0.0,0.0036798636243281
1411.0,158,1,60,0,-59,-0.12421897,-0.023121908,0.002359716383061,0.0,99.99999733305889,0.0,0.0056541029126298
1411.5,157,1,59,0,-58,0.16559583,0.122637436,0.0023588573798538,0.0,99.99999770541784,0.0,0.0053686979979071
1412.0,157,1,59,0,-58,0.16559583,0.122637436,0.0023580122846468,0.0,99.99999778540744,0.0,0.004647600281893
1412.5,157,1,59,0,-58,0.16559583,0.122637436,0.0023571571760964,0.0,99.99999807993474,0.0,0.0040600907149866
1413.0,157,1,59,0,-58,0.16559583,0.122637436,0.0023562973820669,0.0,99.9999980680087,0.0,0.0040753371145137
1413.5,158,1,59,0,-58,-0.22372317,-0.4964623,0.0023554461674201,0.0,99.99999766079608,0.0,0.0045494785112452
1414.0,160,1,61,0,-60,-0.010480404,-0.59961253,0.0023545955675554,0.0,99.9999971106519,0.0,0.0058274276199077
1414.5,159,1,60,0,-59,0.27406704,0.04436229,0.0023537429348351,0.0,99.9999971248538,0.0,0.0059050314560883
1415.0,159,1,60,0,-59,0.27406704,0.04436229,0.0023528856292985,0.0,99.99999773402828,0.0,0.004249409329792
1415.5,159,1,59,0,-58,-0.4619607,-0.16418792,0.0023520263049363,0.0,99.99999789064572,0.0,0.0047049724912229
1416.0,161,1,60,0,-59,0.28438193,-0.54307365,0.0023511596845199,0.0,99.99999839354572,0.0,0.0035441524721921
1416.5,162,1,61,0,-60,0.048076004,-0.6869262,0.0023502910632793,0.0,99.9999980970788,0.0,0.0042221399615305
1417.0,162,1,61,0,-60,0.048076004,-0.6869262,0.0023494204463562,0.0,99.99999785781785,0.0,0.0045547060473938
1417.5,161,1,60,0,-59,0.28438193,-0.54307365,0.0023485452036041,0.0,99.99999884908344,0.0,0.0030918305180954
1418.0,160,1,59,0,-58,0.0728845,0.20463645,0.0023476706127274,0.0,99.99999885037552,0.0,0.0030898631175649
1418.5,160,1,59,0,-58,0.0728845,0.20463645,0.0023490391925135,0.0,99.99999885169642,0.0,0.0030879401330223
1419.0,162,1,61,0,-60,0.14810048,-0.27955794,0.0023504067537486,0.0,99.9999990245258,0.0,0.0028056837499182
1419.5,163,1,61,0,-60,-0.44002703,-0.034281954,0.002351765392635,0.0,99.99999764380074,0.0,0.004592936303368
1420.0,162,1,60,0,-59,-0.1505583,-0.33415896,0.00235311247004,0.0,99.99999868582526,0.0,0.0036148024314059
1420.5,164,1,61,0,-60,-0.06668964,0.2056024,0.0023544585249199,0.0,99.99999764787232,0.0,0.0048282840407207
1421.0,166,1,63,0,-62,0.5220885,-1.009388,0.0023558061949309,0.0,99.99999839626054,0.0,0.0039394964506969
1421.5,167,1,64,0,-63,-0.08480093,-0.12216832,0.0023571607567973,0.0,99.9999983259514,0.0,0.0040895050652697
1422.0,166,1,64,0,-63,-0.11065003,-0.25257903,0.002358530129132,0.0,99.99999751686455,0.0,0.0062145484850147
1422.5,166,1,66,0,-65,-0.23011222,-0.25499165,0.0023599116849724,0.0,99.99999833179228,0.0,0.004436196371492
1423.0,163,1,64,0,-63,0.49194026,0.049754933,0.0023624150273733,0.0,99.99999833214292,0.0,0.0044365148601284
1423.5,163,1,64,0,-63,0.49194026,0.049754933,0.0023660389625622,0.0,99.99999806249318,0.0,0.004878610606669
1424.0,163,1,64,0,-63,0.49194026,0.049754933,0.0023674268861524,0.0,99.99999846585604,0.0,0.0041290234812499
1424.5,163,1,64,0,-63,0.49194026,0.049754933,0.0023688164624929,0.0,99.9999981984271,0.0,0.0047073064927579
1425.0,162,1,63,0,-62,0.21116261,-0.6073357,0.0023701971146979,0.0,99.9999986750243,0.0,0.0041080937117113
1425.5,162,1,63,0,-62,0.69642186,0.095660575,0.0023693378236226,0.0,99.9999977443525,0.0,0.0051353258199187
1426.0,163,1,63,0,-62,-0.7607384,0.10067412,0.002368492360943,0.0,99.99999826241664,0.0,0.0037879320021549
1426.5,163,1,63,0,-62,-0.7607384,0.10067412,0.0023676448621883,0.0,99.99999824825828,0.0,0.003790504324416
1427.0,164,1,65,0,-64,-0.11782655,-0.3546105,0.0023667953323765,0.0,99.99999824893074,0.0,0.003788823903225
1427.5,163,1,65,0,-64,0.10534797,-0.09230624,0.0023659490474381,0.0,99.99999853663456,0.0,0.003402944162654
1428.0,163,1,65,0,-64,0.44276372,-0.5183659,0.0023650875661422,0.0,99.9999988987022,0.0,0.0030231192046874
1428.5,162,1,64,0,-63,1.0942465,0.6688306,0.0023642188171336,0.0,99.99999883240386,0.0,0.0032400697638483
1429.0,162,1,64,0,-63,1.0942465,0.6688306,0.0023633507061122,0.0,99.99999811704556,0.0,0.0040198203460061
1429.5,162,1,64,0,-63,1.0942465,0.6688306,0.0023647051626429,0.0,99.99999836519258,0.0,0.0039564199942972
1430.0,163,1,64,0,-63,0.62483144,-0.44441897,0.0023660533607297,0.0,99.99999862704831,0.0,0.0037887519319306
1430.5,164,1,65,0,-64,-0.13798538,-0.62047917,0.0023673952983307,0.0,99.99999864513796,0.0,0.0039505996463676
1431.0,163,1,65,0,-64,0.7688341,-0.03836225,0.0023687493958689,0.0,99.99999824279104,0.0,0.0045694699976815
1431.5,164,1,65,0,-64,0.37298208,-0.17568566,0.0023701130301795,0.0,99.99999909565966,0.0,0.0026730057054461
1432.0,164,1,65,0,-64,0.37298208,-0.17568566,0.0023703891213017,0.0,99.99999798073571,0.0,0.0041420071207355
1432.5,162,1,64,0,-63,0.13519117,-0.7798037,0.0023695656758145,0.0,99.99999849543129,0.0,0.0043845788929008
1433.0,162,1,64,0,-63,0.13519117,-0.7798037,0.0023687454303183,0.0,99.9999985512414,0.0,0.0043050689932965
1433.5,163,1,65,0,-64,0.20105484,-0.48255402,0.0023679073687946,0.0,99.99999868713483,0.0,0.0032320678922568
1434.0,164,1,65,0,-64,0.057717055,-0.39422965,0.002367069900073,0.0,99.99999879053544,0.0,0.0030587311172246
1434.5,163,1,65,0,-64,0.13743682,0.00091798604,0.0023662277785166,0.0,99.99999747709784,0.0,0.0057368999567315
1435.0,164,1,65,0,-64,0.023649335,-0.7001436,0.0023664862996397,0.0,99.999998184028,0.0,0.0047665733816613
1435.5,164,1,65,0,-64,0.023649335,-0.7001436,0.0023678521432495,0.0,99.99999830897956,0.0,0.003973858924776
1436.0,163,1,64,0,-63,-0.04455772,-0.42135763,0.0023692170069925,0.0,99.99999734270378,0.0,0.0043280532060133
1436.5,163,1,64,0,-63,-0.04455772,-0.42135763,0.0023705835154801,0.0,99.99999774494349,0.0,0.0058203054836302
1437.0,163,1,64,0,-63,-0.04455772,-0.42135763,0.0023719490473482,0.0,99.9999985847396,0.0,0.0044789441895291
1437.5,164,1,65,0,-64,-0.12428835,-0.24402411,0.002373310978941,0.0,99.9999985550322,0.0,0.0041924331047901
1438.0,164,1,65,0,-64,-0.12428835,-0.24402411,0.0023746719348711,0.0,99.99999799471196,0.0,0.0056745637323085
1438.5,164,1,65,0,-64,-0.12428835,-0.24402411,0.0023760319161868,0.0,99.9999989845166,0.0,0.0036590148964967
1439.0,164,1,65,0,-64,-0.12428835,-0.24402411,0.0023773935503257,0.0,99.9999979873941,0.0,0.0055528229899698
1439.5,164,1,65,0,-64,-0.12428835,-0.24402411,0.0023787358244903,0.0,99.9999980487138,0.0,0.0044409737750577
1440.0,165,1,66,0,-65,-0.23523638,-0.15315314,0.0023800876304991,0.0,99.99999809021972,0.0,0.0036703507316732
1440.5,165,1,66,0,-65,-0.23523638,-0.15315314,0.0023792418870169,0.0,99.99999884699504,0.0,0.0031422957361281
1441.0,165,1,66,0,-65,-0.23523638,-0.15315314,0.0023783967443764,0.0,99.9999990204598,0.0,0.0024293825254753
1441.5,164,1,65,0,-64,-0.84022915,-0.3306362,0.0023775574456916,0.0,99.99999827328774,0.0,0.0039920162532797
1442.0,164,1,65,0,-64,-0.28506824,-0.3684284,0.0023767187391485,0.0,99.99999758627432,0.0,0.0050906309869614
1442.5,163,1,64,0,-63,-0.4391223,0.33590335,0.0023758832423092,0.0,99.9999982228674,0.0,0.0047275200434672
1443.0,163,1,64,0,-63,-0.4391223,0.33590335,0.0023750457163252,0.0,99.99999849803302,0.0,0.0037655774554624
1443.5,163,1,64,0,-63,-0.4391223,0.33590335,0.0023742061661085,0.0,99.99999790361892,0.0,0.0037894364175369
1444.0,163,1,64,0,-63,-0.4391223,0.33590335,0.0023733750471977,0.0,99.99999797847444,0.0,0.0040805213181796
1444.5,164,1,66,0,-65,0.26285288,0.13896644,0.002372534066662,0.0,99.99999848051743,0.0,0.0032989274037149
1445.0,166,1,67,0,-66,-0.030023694,1.0958035,0.0023716962908694,0.0,99.99999772243328,0.0,0.0044802953438279
1445.5,165,1,67,0,-66,0.023894593,0.80205923,0.00237085389228,0.0,99.99999756767228,0.0,0.0048257986050431
1446.0,165,1,67,0,-66,0.023894593,0.80205923,0.0023722054035277,0.0,99.99999809004352,0.0,0.004180919880603
1446.5,166,1,68,0,-67,-0.04467514,-0.49067593,0.0023735533412158,0.0,99.99999809069703,0.0,0.0041815236667682
1447.0,166,1,68,0,-67,-0.04467514,-0.49067593,0.002374902922273,0.0,99.99999847678193,0.0,0.0038872874948886
1447.5,164,1,67,0,-66,-0.2150662,-0.34285015,0.0023751534570946,0.0,99.9999985432588,0.0,0.0038620752758654
1448.0,164,1,67,0,-66,-0.2150662,-0.34285015,0.0023743035156815,0.0,99.99999883784275,0.0,0.0030367890204024
1448.5,164,1,67,0,-66,-0.2150662,-0.34285015,0.0023734593911303,0.0,99.99999861558402,0.0,0.0040431289802589
1449.0,163,1,66,0,-65,-0.38192853,1.0405829,0.002372618469129,0.0,99.99999739149672,0.0,0.005169368094354
1449.5,163,1,66,0,-65,-0.38192853,1.0405829,0.0023717729413931,0.0,99.99999733334786,0.0,0.0060572700718117
1450.0,164,1,66,0,-65,-0.15112576,1.1006708,0.0023709150219334,0.0,99.9999983722299,0.0,0.0041363531898768
1450.5,164,1,66,0,-65,-0.15112576,1.1006708,0.0023700499321199,0.0,99.9999981857474,0.0,0.0043679874936685
1451.0,164,1,66,0,-65,-0.15112576,1.1006708,0.002369185473377,0.0,99.99999894935488,0.0,0.003206136151372
1451.5,163,1,66,0,-65,-0.38192853,1.0405829,0.0023683164587592,0.0,99.99999865313644,0.0,0.0029810321610278
1452.0,163,1,66,0,-65,-0.38192853,1.0405829,0.0023674480814148,0.0,99.99999771581712,0.0,0.0046163636727963
1452.5,163,1,65,0,-64,0.1914149,-0.25543785,0.0023665829299675,0.0,99.9999975779392,0.0,0.0055129136452353
1453.0,163,1,65,0,-64,0.1914149,-0.25543785,0.0023657158231717,0.0,99.99999757646609,0.0,0.0055149698188013
1453.5,162,1,64,0,-63,0.017416984,0.6886392,0.0023648571081831,0.0,99.99999832572917,0.0,0.0042348778098111
1454.0,161,1,63,0,-62,-0.61164176,0.5239514,0.0023639964326933,0.0,99.99999775077572,0.0,0.0052596937043753
1454.5,160,1,63,0,-62,-0.4416004,-0.95034724,0.0023631389652444,0.0,99.9999977457542,0.0,0.0052666865600771
1455.0,159,1,63,0,-62,-1.0383989,-0.34589595,0.0023622821196103,0.0,99.9999983629377,0.0,0.0039275899469845
1455.5,160,1,65,0,-64,-1.0135765,-0.22244783,0.0023614258951146,0.0,99.99999746765263,0.0,0.0055502914098851
1456.0,160,1,65,0,-64,-1.0135765,-0.22244783,0.0023605677148984,0.0,99.99999723168855,0.0,0.0057876214458154
1456.5,159,1,64,0,-63,0.63304234,-0.56294614,0.0023597024353045,0.0,99.9999979501047,0.0,0.0048262823899874
1457.0,159,1,64,0,-63,0.63304234,-0.56294614,0.0023588455070699,0.0,99.99999740240992,0.0,0.0057678946352249
1457.5,159,1,64,0,-63,0.63304234,-0.56294614,0.0023580020538492,0.0,99.99999731473996,0.0,0.0052833584095022
1458.0,158,1,64,0,-63,-0.9304428,-0.545162,0.0023571643411055,0.0,99.9999972326711,0.0,0.0054005656713691
1458.5,157,1,64,0,-63,-0.9579768,-0.37898797,0.0023563323572474,0.0,99.99999727175285,0.0,0.0052622245016796
1459.0,157,1,64,0,-63,-0.9579768,-0.37898797,0.0023555035256322,0.0,99.99999840008168,0.0,0.0041619580689357
1459.5,158,1,64,0,-63,-1.1535604,-0.14713539,0.0023546829669223,0.0,99.9999987236292,0.0,0.0031486127914208
1460.0,158,1,64,0,-63,-0.7925848,-0.5984177,0.0023538476104039,0.0,99.99999850781796,0.0,0.0040570377622043
1460.5,158,1,64,0,-63,-0.7925848,-0.5984177,0.002353012846384,0.0,99.9999985060722,0.0,0.0040596237227667
1461.0,158,1,64,0,-63,-0.7925848,-0.5984177,0.0023521761163321,0.0,99.99999768655064,0.0,0.0045019856198856
1461.5,159,1,66,0,-65,0.09242517,0.3355846,0.0023513374250735,0.0,99.999997686626,0.0,0.0045024913500127
1462.0,157,1,65,0,-64,-0.6994554,-0.29217046,0.0023505044402039,0.0,99.99999808109412,0.0,0.0038082964776402
1462.5,158,1,66,0,-65,0.4040377,0.39275593,0.0023496745977689,0.0,99.99999799216953,0.0,0.0044041024308915
1463.0,158,1,66,0,-65,0.4040377,0.39275593,0.0023488427904208,0.0,99.99999804799472,0.0,0.0038060305739244
1463.5,157,1,65,0,-64,-0.6994554,-0.29217046,0.0023480064741149,0.0,99.99999906402677,0.0,0.0023465124134252
1464.0,158,1,65,0,-64,0.077137455,0.584124,0.0023471580181001,0.0,99.9999987546896,0.0,0.0027170957305574
1464.5,158,1,65,0,-64,0.077137455,0.584124,0.0023463050847457,0.0,99.99999824798888,0.0,0.0035855178833871
1465.0,158,1,65,0,-64,0.077137455,0.584124,0.0023454553143593,0.0,99.99999807124377,0.0,0.0047257491522771
1465.5,157,1,64,0,-63,0.22130814,0.49666196,0.0023446061592792,0.0,99.9999980686904,0.0,0.0047287893479881
1466.0,157,1,64,0,-63,0.22130814,0.49666196,0.0023437652377247,0.0,99.99999763620198,0.0,0.0052545946266613
1466.5,157,1,64,0,-63,0.22130814,0.49666196,0.0023429299948115,0.0,99.99999760222065,0.0,0.0053537286796675
1467.0,157,1,64,0,-63,0.22130814,0.49666196,0.0023421004190443,0.0,99.99999748327473,0.0,0.0046719460744014
1467.5,157,1,64,0,-63,0.22130814,0.49666196,0.0023412688963022,0.0,99.9999981704961,0.0,0.0039872244046063
1468.0,157,1,64,0,-63,0.22130814,0.49666196,0.0023404354313575,0.0,99.99999813354576,0.0,0.0040612083367143
1468.5,157,1,64,0,-63,0.22130814,0.49666196,0.0023396025596095,0.0,99.999998222474,0.0,0.003955746783232
1469.0,157,1,64,0,-63,0.22130814,0.49666196,0.0023387778669221,0.0,99.99999814880417,0.0,0.0037456217559012
1469.5,156,1,63,0,-62,0.079651624,0.26337436,0.0023379562824873,0.0,99.9999985766722,0.0,0.0034333055678452
1470.0,156,1,63,0,-62,0.079651624,0.26337436,0.0023371352750753,0.0,99.99999806489832,0.0,0.0040245285216569
1470.5,156,1,63,0,-62,0.079651624,0.26337436,0.0023363148440782,0.0,99.99999820266096,0.0,0.0036779489277788
1471.0,158,1,65,0,-64,-0.8106934,0.04538688,0.0023354975106382,0.0,99.9999978255976,0.0,0.004080120451358
1471.5,158,1,65,0,-64,-0.8106934,0.04538688,0.0023346983889177,0.0,99.9999987094656,0.0,0.0030821419531265
1472.0,158,1,65,0,-64,-0.8106934,0.04538688,0.0023339023321759,0.0,99.99999870995448,0.0,0.0030815112147784
1472.5,158,1,65,0,-64,-0.8106934,0.04538688,0.0023331068181082,0.0,99.99999871043012,0.0,0.0030808390937429
1473.0,158,1,65,0,-64,-0.8106934,0.04538688,0.0023323068164173,0.0,99.99999733826184,0.0,0.0045767523262689
1473.5,158,1,65,0,-64,-0.8106934,0.04538688,0.0023315023368918,0.0,99.99999733894772,0.0,0.004575005776058
1474.0,158,1,65,0,-64,-0.8106934,0.04538688,0.0023306933893647,0.0,99.9999980537788,0.0,0.0037244370324223
1474.5,158,1,65,0,-64,-0.8106934,0.04538688,0.0023298799837134,0.0,99.99999812926016,0.0,0.0036091613317287
1475.0,158,1,65,0,-64,-0.6199329,0.3874734,0.0023290897167943,0.0,99.99999815852016,0.0,0.0045628052859539
1475.5,158,1,65,0,-64,-0.6199329,0.3874734,0.0023283024920263,0.0,99.99999815020124,0.0,0.0045750433315472
1476.0,158,1,65,0,-64,-0.6199329,0.3874734,0.0023275208083373,0.0,99.99999791292748,0.0,0.0049338162442313
1476.5,158,1,65,0,-64,-0.3431752,0.8835364,0.0023267346436051,0.0,99.99999771771554,0.0,0.0052191688916234
1477.0,158,1,65,0,-64,-0.3431752,0.8835364,0.0023259465086069,0.0,99.99999726080604,0.0,0.0056580554363694
1477.5,159,1,65,0,-64,-0.9591949,-0.43402988,0.0023262313761744,0.0,99.99999725259258,0.0,0.0056668443528988
1478.0,159,1,65,0,-64,-0.9591949,-0.43402988,0.0023275906535307,0.0,99.999997245062,0.0,0.0056748851923505
1478.5,159,1,65,0,-64,-0.9591949,-0.43402988,0.0023289540117521,0.0,99.99999773254234,0.0,0.0050934775053825
1479.0,159,1,65,0,-64,-0.9591949,-0.43402988,0.0023303164505307,0.0,99.99999773073564,0.0,0.0050958544018732
1479.5,157,1,63,0,-62,0.31382456,-0.88690263,0.0023316754677038,0.0,99.9999976820158,0.0,0.0052791616285364
1480.0,157,1,63,0,-62,0.31382456,-0.88690263,0.0023330360697678,0.0,99.99999768282277,0.0,0.005278602939776
1480.5,157,1,63,0,-62,0.31382456,-0.88690263,0.0023343932508571,0.0,99.99999804168084,0.0,0.0049882288508361
1481.0,158,1,63,0,-62,-0.08008027,-1.1470875,0.0023357495149941,0.0,99.9999988127288,0.0,0.0036358078774021
1481.5,158,1,63,0,-62,-0.08008027,-1.1470875,0.0023371123797271,0.0,99.99999861329798,0.0,0.0040543067683634
1482.0,158,1,63,0,-62,-0.08008027,-1.1470875,0.0023384793453972,0.0,99.99999822792633,0.0,0.0047447668548516
1482.5,157,1,62,0,-61,-0.44632205,-0.951492,0.0023398504167055,0.0,99.999998322829,0.0,0.0046164399062497
1483.0,157,1,62,0,-61,-0.44632205,-0.951492,0.002341215568548,0.0,99.99999766475628,0.0,0.0053603415904035
1483.5,157,1,62,0,-61,-0.44632205,-0.951492,0.0023425722899821,0.0,99.999998499288,0.0,0.0040248015763657
1484.0,158,1,63,0,-62,0.10986835,-0.8121337,0.0023428578156088,0.0,99.99999864287334,0.0,0.0039325682204396
1484.5,158,1,63,0,-62,0.10986835,-0.8121337,0.0023420857509385,0.0,99.9999984553345,0.0,0.0044034458565362
1485.0,159,1,64,0,-63,-0.99124837,-0.07991837,0.0023413141949526,0.0,99.9999984567227,0.0,0.0044010421033001
1485.5,159,1,64,0,-63,-0.99124837,-0.07991837,0.0023405431471484,0.0,99.99999845850483,0.0,0.0043982100703653
1486.0,159,1,64,0,-63,-0.99124837,-0.07991837,0.002339772607024,0.0,99.99999846067908,0.0,0.0043949539424313
1486.5,159,1,64,0,-63,-0.99124837,-0.07991837,0.0023390025740782,0.0,99.9999984630786,0.0,0.0043914485425121
1487.0,159,1,64,0,-63,-0.99124837,-0.07991837,0.0023382230572934,0.0,99.99999758064486,0.0,0.0059791900959939
1487.5,160,1,65,0,-64,-0.54897094,-0.002193138,0.0023374390680142,0.0,99.99999789447426,0.0,0.0055940235634642
1488.0,160,1,65,0,-64,-0.54897094,-0.002193138,0.0023366580985644,0.0,99.99999781699324,0.0,0.005670215890434
1488.5,161,1,65,0,-64,-0.07769117,0.21393563,0.0023358751581971,0.0,99.99999814904038,0.0,0.005066258655728
1489.0,162,1,66,0,-65,-0.7195847,0.70485795,0.0023350927423312,0.0,99.9999981511144,0.0,0.0050643800198116
1489.5,162,1,66,0,-65,-0.7195847,0.70485795,0.0023343108504398,0.0,99.999998772934,0.0,0.0032925836985582
1490.0,162,1,66,0,-65,-0.7195847,0.70485795,0.0023335369448255,0.0,99.99999806670516,0.0,0.0054508395752895
1490.5,162,1,66,0,-65,-0.7195847,0.70485795,0.0023327635521946,0.0,99.99999826782192,0.0,0.0050537719120444
1491.0,162,1,66,0,-65,-0.7195847,0.70485795,0.0023319906720373,0.0,99.99999803992374,0.0,0.0054771938514461
1491.5,162,1,66,0,-65,-0.7195847,0.70485795,0.0023312108558387,0.0,99.99999829814004,0.0,0.0043496087112549
1492.0,163,1,67,0,-66,-0.9253558,0.10114642,0.0023304340420095,0.0,99.99999841494596,0.0,0.0039862535650054
1492.5,163,1,67,0,-66,-0.9253558,0.10114642,0.0023296602250692,0.0,99.99999840460868,0.0,0.0040048325936635
1493.0,163,1,68,0,-67,-1.0654671,0.5681863,0.002328884444137,0.0,99.99999849590196,0.0,0.0037443038213369
1493.5,164,1,68,0,-67,-0.3153756,0.50269204,0.0023281091797057,0.0,99.99999847035484,0.0,0.0038541141977726
1494.0,164,1,68,0,-67,-0.3153756,0.50269204,0.002327339380092,0.0,99.99999851771324,0.0,0.0037010211080354
1494.5,164,1,68,0,-67,-0.3153756,0.50269204,0.0023265725621739,0.0,99.99999851145655,0.0,0.0037102931705187
1495.0,164,1,68,0,-67,-0.3153756,0.50269204,0.0023258062493957,0.0,99.99999818282934,0.0,0.0051563038927121
1495.5,162,1,68,0,-67,0.025164723,-0.6532391,0.0023250305631587,0.0,99.99999826186796,0.0,0.0044630193131933
1496.0,163,1,69,0,-68,-0.18647602,-0.93062395,0.0023242479905713,0.0,99.9999982598156,0.0,0.0044649384371068
1496.5,163,1,69,0,-68,-0.18647602,-0.93062395,0.0023234634784233,0.0,99.99999830009554,0.0,0.0044168797531637
1497.0,164,1,69,0,-68,0.23076865,-0.8610807,0.0023226745666604,0.0,99.99999893847978,0.0,0.0033807794854965
1497.5,163,1,68,0,-67,-0.19609293,-0.07155953,0.0023218886532939,0.0,99.99999895251725,0.0,0.0034726609394645
1498.0,163,1,68,0,-67,-0.19609293,-0.07155953,0.0023211032715998,0.0,99.99999797721648,0.0,0.0046056974031419
1498.5,163,1,68,0,-67,-0.19609293,-0.07155953,0.0023203159615266,0.0,99.99999797942156,0.0,0.0046026430966249
1499.0,163,1,68,0,-67,-0.19609293,-0.07155953,0.0023195390167867,0.0,99.99999795536236,0.0,0.0049502601867219
1499.5,164,1,69,0,-68,0.29886198,-0.63879603,0.0023187625921837,0.0,99.9999979565579,0.0,0.0049481283828144
1500.0,165,1,69,0,-68,0.19086114,-1.0836827,0.0023179793234973,0.0,99.99999808382488,0.0,0.0049222400108871
1500.5,164,1,68,0,-67,0.21752334,0.5455069,0.0023179793234973,0.0,99.99999808382488,0.0,0.0049222400108871
1501.0,166,1,67,0,-66,-0.25018167,-0.624831,0.0023179793234973,0.0,99.99999808382488,0.0,0.0049222400108871
1501.5,165,1,66,0,-65,-0.36201146,-0.5155913,0.0023179793234973,0.0,99.99999808382488,0.0,0.0049222400108871
1502.0,165,1,66,0,-65,-0.36201146,-0.5155913,0.0023179793234973,0.0,99.99999808382488,0.0,0.0049222400108871
1502.5,165,1,66,0,-65,-0.36201146,-0.5155913,0.0023179793234973,0.0,99.99999808382488,0.0,0.0049222400108871
1503.0,165,1,66,0,-65,-0.36201146,-0.5155913,0.0023179793234973,0.0,99.99999808382488,0.0,0.0049222400108871
1503.5,165,1,66,0,-65,-0.39512452,0.09208752,0.0023179793234973,0.0,99.99999808382488,0.0,0.0049222400108871
1504.0,164,1,65,0,-64,-0.12693447,-0.5253722,0.0023179793234973,0.0,99.99999808382488,0.0,0.0049222400108871
1504.5,164,1,65,0,-64,-0.21070722,0.17905691,0.0023179793234973,0.0,99.99999808382488,0.0,0.0049222400108871
1505.0,165,1,65,0,-64,-0.2160624,0.6516555,0.0023179793234973,0.0,99.99999808382488,0.0,0.0049222400108871
1505.5,165,1,65,0,-64,-0.2160624,0.6516555,0.0023179793234973,0.0,99.99999808382488,0.0,0.0049222400108871
1506.0,165,1,65,0,-64,-0.2160624,0.6516555,0.0023179793234973,0.0,99.99999808382488,0.0,0.0049222400108871
1506.5,164,1,64,0,-63,-0.42855301,0.2929423,0.0023179793234973,0.0,99.99999808382488,0.0,0.0049222400108871
1507.0,164,1,64,0,-63,-0.10884574,0.76579297,0.0023179793234973,0.0,99.99999808382488,0.0,0.0049222400108871
1507.5,164,1,64,0,-63,-0.10884574,0.76579297,0.0023179793234973,0.0,99.99999808382488,0.0,0.0049222400108871
1508.0,164,1,64,0,-63,0.38877216,-0.56860787,0.0023179793234973,0.0,99.99999808382488,0.0,0.0049222400108871
1508.5,164,1,64,0,-63,0.38877216,-0.56860787,0.0023179793234973,0.0,99.99999808382488,0.0,0.0049222400108871
1509.0,162,1,62,0,-61,0.236285,-0.6032846,0.0023179793234973,0.0,99.99999808382488,0.0,0.0049222400108871
1509.5,162,1,62,0,-61,0.236285,-0.6032846,0.0023179793234973,0.0,99.99999808382488,0.0,0.0049222400108871
1510.0,161,1,61,0,-60,0.3563883,-0.41820723,0.0023179793234973,0.0,99.99999808382488,0.0,0.0049222400108871
1510.5,161,1,61,0,-60,0.3563883,-0.41820723,0.0023179793234973,0.0,99.99999808382488,0.0,0.0049222400108871
1511.0,161,1,61,0,-60,0.3563883,-0.41820723,0.0023179793234973,0.0,99.99999808382488,0.0,0.0049222400108871
1511.5,161,1,61,0,-60,0.3563883,-0.41820723,0.0023179793234973,0.0,99.99999808382488,0.0,0.0049222400108871
1512.0,162,1,62,0,-61,-0.07930824,-0.6232189,0.0023179793234973,0.0,99.99999808382488,0.0,0.0049222400108871
1512.5,161,1,61,0,-60,-0.023263127,-0.39174116,0.0023179793234973,0.0,99.99999808382488,0.0,0.0049222400108871
1513.0,160,1,61,0,-60,0.60731745,-1.1110235,0.0023179793234973,0.0,99.99999808382488,0.0,0.0049222400108871
1513.5,160,1,61,0,-60,0.60731745,-1.1110235,0.0023179793234973,0.0,99.99999808382488,0.0,0.0049222400108871
1514.0,160,1,60,0,-59,-0.11061895,0.11440948,0.0023179793234973,0.0,99.99999808382488,0.0,0.0049222400108871
1514.5,161,1,61,0,-60,-0.29410574,0.58806396,0.0023179793234973,0.0,99.99999808382488,0.0,0.0049222400108871
1515.0,161,1,63,0,-62,-0.3438622,-0.30335814,0.0023179793234973,0.0,99.99999808382488,0.0,0.0049222400108871
1515.5,160,1,63,0,-62,-0.5633117,0.21204567,0.0023179793234973,0.0,99.99999808382488,0.0,0.0049222400108871
1516.0,160,1,63,0,-62,-0.5633117,0.21204567,0.0023179793234973,0.0,99.99999808382488,0.0,0.0049222400108871
1516.5,160,1,63,0,-62,-0.5633117,0.21204567,0.0023179793234973,0.0,99.99999808382488,0.0,0.0049222400108871
1517.0,160,1,63,0,-62,-0.83710635,-0.031399205,0.0023179793234973,0.0,99.99999808382488,0.0,0.0049222400108871
1517.5,159,1,62,0,-61,-0.40267524,0.031631008,0.0023179793234973,0.0,99.99999808382488,0.0,0.0049222400108871
1518.0,159,1,62,0,-61,-0.40267524,0.031631008,0.0023179793234973,0.0,99.99999808382488,0.0,0.0049222400108871
1518.5,160,1,63,0,-62,-0.308713,0.32546818,0.0023179793234973,0.0,99.99999808382488,0.0,0.0049222400108871
1519.0,161,1,64,0,-63,0.06578292,-0.8471872,0.0023179793234973,0.0,99.99999808382488,0.0,0.0049222400108871
1519.5,163,1,65,0,-64,-0.37071213,-0.6379042,0.0023179793234973,0.0,99.99999808382488,0.0,0.0049222400108871
1520.0,162,1,64,0,-63,-0.09696981,0.20814262,0.0023179793234973,0.0,99.99999808382488,0.0,0.0049222400108871
1520.5,160,1,63,0,-62,0.027536392,0.24045117,0.0023179793234973,0.0,99.99999808382488,0.0,0.0049222400108871
1521.0,161,1,63,0,-62,0.71521354,-0.71774274,0.0023179793234973,0.0,99.99999808382488,0.0,0.0049222400108871
1521.5,162,1,64,0,-63,-0.3594587,0.021245345,0.0023179793234973,0.0,99.99999808382488,0.0,0.0049222400108871
1522.0,163,1,62,0,-61,-0.16547951,-0.9577494,0.0023179793234973,0.0,99.99999808382488,0.0,0.0049222400108871
1522.5,164,1,63,0,-62,0.21809244,-0.16534172,0.0023179793234973,0.0,99.99999808382488,0.0,0.0049222400108871
1523.0,163,1,61,0,-60,0.6240368,-1.0051296,0.0023179793234973,0.0,99.99999808382488,0.0,0.0049222400108871
1523.5,162,1,61,0,-60,-0.6275922,-0.54058015,0.0023179793234973,0.0,99.99999808382488,0.0,0.0049222400108871
1524.0,163,1,61,0,-60,-0.63657045,-0.2618909,0.0023179793234973,0.0,99.99999808382488,0.0,0.0049222400108871
1524.5,163,1,61,0,-60,-0.63657045,-0.2618909,0.0023179793234973,0.0,99.99999808382488,0.0,0.0049222400108871
1525.0,162,1,61,0,-60,0.08287008,-0.8019604,0.0023179793234973,0.0,99.99999808382488,0.0,0.0049222400108871
1525.5,161,1,61,0,-60,0.3500735,0.24850802,0.0023179793234973,0.0,99.99999808382488,0.0,0.0049222400108871
1526.0,163,1,64,0,-63,-0.34713188,-0.37026417,0.0023179793234973,0.0,99.99999808382488,0.0,0.0049222400108871
1526.5,163,1,64,0,-63,-0.85719943,-0.13574584,0.0023179793234973,0.0,99.99999808382488,0.0,0.0049222400108871
1527.0,163,1,65,0,-64,-0.8533144,0.40735143,0.0023179793234973,0.0,99.99999808382488,0.0,0.0049222400108871
1527.5,163,1,65,0,-64,-0.8533144,0.40735143,0.0023179793234973,0.0,99.99999808382488,0.0,0.0049222400108871
1528.0,164,1,65,0,-64,-0.6125474,0.2932647,0.0023179793234973,0.0,99.99999808382488,0.0,0.0049222400108871
1528.5,162,1,64,0,-63,0.66682065,-0.785559,0.0023179793234973,0.0,99.99999808382488,0.0,0.0049222400108871
1529.0,162,1,64,0,-63,0.66682065,-0.785559,0.0023179793234973,0.0,99.99999808382488,0.0,0.0049222400108871
1529.5,163,1,65,0,-64,0.013927788,0.18644291,0.0023179793234973,0.0,99.99999808382488,0.0,0.0049222400108871
1530.0,163,1,64,0,-63,0.37828776,0.35932642,0.0023179793234973,0.0,99.99999808382488,0.0,0.0049222400108871
1530.5,163,1,64,0,-63,0.37828776,0.35932642,0.0023179793234973,0.0,99.99999808382488,0.0,0.0049222400108871
1531.0,164,1,64,0,-63,-0.5381838,-0.22550504,0.0023179793234973,0.0,99.99999808382488,0.0,0.0049222400108871
1531.5,165,1,64,0,-63,-0.17898521,0.026478186,0.0023179793234973,0.0,99.99999808382488,0.0,0.0049222400108871
1532.0,164,1,63,0,-62,-0.2931206,0.4873082,0.0023179793234973,0.0,99.99999808382488,0.0,0.0049222400108871
1532.5,164,1,63,0,-62,-0.2931206,0.4873082,0.0023179793234973,0.0,99.99999808382488,0.0,0.0049222400108871
1533.0,162,1,62,0,-61,-0.14021423,0.08245148,0.0023179793234973,0.0,99.99999808382488,0.0,0.0049222400108871
1533.5,162,1,62,0,-61,-0.14021423,0.08245148,0.0023179793234973,0.0,99.99999808382488,0.0,0.0049222400108871
1534.0,162,1,62,0,-61,-0.14021423,0.08245148,0.0023179793234973,0.0,99.99999808382488,0.0,0.0049222400108871
1534.5,162,1,62,0,-61,-0.006977603,0.24340063,0.0023179793234973,0.0,99.99999808382488,0.0,0.0049222400108871
1535.0,161,1,63,0,-62,0.26530805,0.013764471,0.0023179793234973,0.0,99.99999808382488,0.0,0.0049222400108871
1535.5,160,1,62,0,-61,0.64048463,-0.7866675,0.0023179793234973,0.0,99.99999808382488,0.0,0.0049222400108871
1536.0,159,1,62,0,-61,-0.007554993,-0.6150217,0.0023179793234973,0.0,99.99999808382488,0.0,0.0049222400108871
1536.5,158,1,61,0,-60,-0.7309929,-0.53842455,0.0023179793234973,0.0,99.99999808382488,0.0,0.0049222400108871
1537.0,158,1,61,0,-60,-0.7309929,-0.53842455,0.0023179793234973,0.0,99.99999808382488,0.0,0.0049222400108871
1537.5,158,1,61,0,-60,-0.7309929,-0.53842455,0.0023179793234973,0.0,99.99999808382488,0.0,0.0049222400108871
1538.0,159,1,61,0,-60,-0.7991545,-0.69995826,0.0023179793234973,0.0,99.99999808382488,0.0,0.0049222400108871
1538.5,160,1,62,0,-61,-0.40984467,-0.108845815,0.0023179793234973,0.0,99.99999808382488,0.0,0.0049222400108871
1539.0,160,1,62,0,-61,-0.40984467,-0.108845815,0.0023179793234973,0.0,99.99999808382488,0.0,0.0049222400108871
1539.5,159,1,62,0,-61,-0.20073459,-0.49881548,0.0023179793234973,0.0,99.99999808382488,0.0,0.0049222400108871
1540.0,158,1,61,0,-60,0.0018458068,-1.385027,0.0023179793234973,0.0,99.99999808382488,0.0,0.0049222400108871
1540.5,158,1,61,0,-60,0.0018458068,-1.385027,0.0023179793234973,0.0,99.99999808382488,0.0,0.0049222400108871
1541.0,159,1,62,0,-61,0.72870636,-0.8283722,0.0023179793234973,0.0,99.99999808382488,0.0,0.0049222400108871
1541.5,159,1,62,0,-61,0.72870636,-0.8283722,0.0023179793234973,0.0,99.99999808382488,0.0,0.0049222400108871
1542.0,160,1,63,0,-62,0.26169848,-0.32481182,0.0023179793234973,0.0,99.99999808382488,0.0,0.0049222400108871
1542.5,161,1,62,0,-61,0.60803556,-0.88648933,0.0023179793234973,0.0,99.99999808382488,0.0,0.0049222400108871
1543.0,162,1,63,0,-62,0.11569063,0.32585832,0.0023179793234973,0.0,99.99999808382488,0.0,0.0049222400108871
1543.5,161,1,62,0,-61,-0.7804656,-0.02984333,0.0023179793234973,0.0,99.99999808382488,0.0,0.0049222400108871
1544.0,161,1,62,0,-61,-0.7804656,-0.02984333,0.0023179793234973,0.0,99.99999808382488,0.0,0.0049222400108871
1544.5,161,1,62,0,-61,-0.7804656,-0.02984333,0.0023179793234973,0.0,99.99999808382488,0.0,0.0049222400108871
1545.0,159,1,61,0,-60,-0.12242991,-0.41000348,0.0023179793234973,0.0,99.99999808382488,0.0,0.0049222400108871
1545.5,159,1,61,0,-60,-0.12242991,-0.41000348,0.0023179793234973,0.0,99.99999808382488,0.0,0.0049222400108871
1546.0,158,1,60,0,-59,0.3409274,0.0010536611,0.0023179793234973,0.0,99.99999808382488,0.0,0.0049222400108871
1546.5,159,1,61,0,-60,0.32390952,-0.112265125,0.0023179793234973,0.0,99.99999808382488,0.0,0.0049222400108871
1547.0,158,1,61,0,-60,0.28197718,-0.9384281,0.0023179793234973,0.0,99.99999808382488,0.0,0.0049222400108871
1547.5,158,1,61,0,-60,0.28197718,-0.9384281,0.0023179793234973,0.0,99.99999808382488,0.0,0.0049222400108871
1548.0,159,1,61,0,-60,0.70193344,-0.6934588,0.0023179793234973,0.0,99.99999808382488,0.0,0.0049222400108871
1548.5,159,1,61,0,-60,0.70193344,-0.6934588,0.0023179793234973,0.0,99.99999808382488,0.0,0.0049222400108871
1549.0,158,1,62,0,-61,-0.15790951,-0.48769546,0.0023179793234973,0.0,99.99999808382488,0.0,0.0049222400108871
1549.5,157,1,62,0,-61,-0.20924956,-0.3667403,0.0023179793234973,0.0,99.99999808382488,0.0,0.0049222400108871
1550.0,156,1,62,0,-61,-0.24469331,0.14382692,0.0023179793234973,0.0,99.99999808382488,0.0,0.0049222400108871
1550.5,156,1,62,0,-61,-0.24469331,0.14382692,0.0023179793234973,0.0,99.99999808382488,0.0,0.0049222400108871
1551.0,157,1,62,0,-61,0.39458933,0.15827535,0.0023179793234973,0.0,99.99999808382488,0.0,0.0049222400108871
1551.5,157,1,62,0,-61,0.39458933,0.15827535,0.0023179793234973,0.0,99.99999808382488,0.0,0.0049222400108871
1552.0,158,1,62,0,-61,0.17527683,-0.6655171,0.0023179793234973,0.0,99.99999808382488,0.0,0.0049222400108871
1552.5,159,1,63,0,-62,0.5942755,-0.04133998,0.0023179793234973,0.0,99.99999808382488,0.0,0.0049222400108871
1553.0,160,1,64,0,-63,-0.3551809,0.2607959,0.0023179793234973,0.0,99.99999808382488,0.0,0.0049222400108871
1553.5,160,1,64,0,-63,-0.3551809,0.2607959,0.0023179793234973,0.0,99.99999808382488,0.0,0.0049222400108871
1554.0,158,1,62,0,-61,-0.06093338,0.6541857,0.0023179793234973,0.0,99.99999808382488,0.0,0.0049222400108871
1554.5,159,1,63,0,-62,0.7960706,-0.6594042,0.0023179793234973,0.0,99.99999808382488,0.0,0.0049222400108871
1555.0,159,1,63,0,-62,0.7960706,-0.6594042,0.0023179793234973,0.0,99.99999808382488,0.0,0.0049222400108871
1555.5,158,1,63,0,-62,0.259844,0.554742,0.0023179793234973,0.0,99.99999808382488,0.0,0.0049222400108871
1556.0,158,1,62,0,-61,-0.35766652,0.15984496,0.0023179793234973,0.0,99.99999808382488,0.0,0.0049222400108871
1556.5,158,1,62,0,-61,-0.8925228,0.27606434,0.0023179793234973,0.0,99.99999808382488,0.0,0.0049222400108871
1557.0,158,1,62,0,-61,-0.8925228,0.27606434,0.0023179793234973,0.0,99.99999808382488,0.0,0.0049222400108871
1557.5,158,1,62,0,-61,-0.13458535,0.1553647,0.0023179793234973,0.0,99.99999808382488,0.0,0.0049222400108871
1558.0,158,1,62,0,-61,-0.13458535,0.1553647,0.0023179793234973,0.0,99.99999808382488,0.0,0.0049222400108871
1558.5,158,1,62,0,-61,-0.13458535,0.1553647,0.0023179793234973,0.0,99.99999808382488,0.0,0.0049222400108871
1559.0,158,1,62,0,-61,-0.13458535,0.1553647,0.0023179793234973,0.0,99.99999808382488,0.0,0.0049222400108871
1559.5,158,1,62,0,-61,-0.13458535,0.1553647,0.0023179793234973,0.0,99.99999808382488,0.0,0.0049222400108871
1560.0,157,1,61,0,-60,0.19023307,-0.9163217,0.0023179793234973,0.0,99.99999808382488,0.0,0.0049222400108871
1560.5,158,1,62,0,-61,-0.99017,-0.2184302,0.0023179793234973,0.0,99.99999808382488,0.0,0.0049222400108871
1561.0,159,1,62,0,-61,-0.8455441,0.21184286,0.0023179793234973,0.0,99.99999808382488,0.0,0.0049222400108871
1561.5,160,1,62,0,-61,-0.96855235,-0.13009326,0.0023179793234973,0.0,99.99999808382488,0.0,0.0049222400108871
1562.0,161,1,62,0,-61,-0.5485568,-0.21746193,0.0023179793234973,0.0,99.99999808382488,0.0,0.0049222400108871
1562.5,159,1,62,0,-61,1.4504349,0.5365431,0.0023179793234973,0.0,99.99999808382488,0.0,0.0049222400108871
1563.0,159,1,63,0,-62,0.75027597,0.46865147,0.0023179793234973,0.0,99.99999808382488,0.0,0.0049222400108871
1563.5,158,1,62,0,-61,1.697821,0.183641,0.0023179793234973,0.0,99.99999808382488,0.0,0.0049222400108871
1564.0,158,1,62,0,-61,1.697821,0.183641,0.0023179793234973,0.0,99.99999808382488,0.0,0.0049222400108871
1564.5,158,1,62,0,-61,1.697821,0.183641,0.0023179793234973,0.0,99.99999808382488,0.0,0.0049222400108871
1565.0,158,1,62,0,-61,1.697821,0.183641,0.0023179793234973,0.0,99.99999808382488,0.0,0.0049222400108871
1565.5,158,1,62,0,-61,1.697821,0.183641,0.0023179793234973,0.0,99.99999808382488,0.0,0.0049222400108871
1566.0,156,1,60,0,-59,0.6022916,0.051524296,0.0023179793234973,0.0,99.99999808382488,0.0,0.0049222400108871
1566.5,157,1,60,0,-59,0.7270825,0.034976944,0.0023179793234973,0.0,99.99999808382488,0.0,0.0049222400108871
1567.0,158,1,61,0,-60,0.17260632,0.3623426,0.0023179793234973,0.0,99.99999808382488,0.0,0.0049222400108871
1567.5,159,1,61,0,-60,1.6243825,0.882994,0.0023179793234973,0.0,99.99999808382488,0.0,0.0049222400108871
1568.0,160,1,62,0,-61,1.5443184,0.62859106,0.0023179793234973,0.0,99.99999808382488,0.0,0.0049222400108871
1568.5,160,1,62,0,-61,1.5443184,0.62859106,0.0023179793234973,0.0,99.99999808382488,0.0,0.0049222400108871
1569.0,161,1,63,0,-62,1.4107926,0.8392113,0.0023179793234973,0.0,99.99999808382488,0.0,0.0049222400108871
1569.5,161,1,63,0,-62,1.4107926,0.8392113,0.0023179793234973,0.0,99.99999808382488,0.0,0.0049222400108871
1570.0,161,1,63,0,-62,1.4107926,0.8392113,0.0023179793234973,0.0,99.99999808382488,0.0,0.0049222400108871
1570.5,160,1,63,0,-62,0.610566,0.19549651,0.0023179793234973,0.0,99.99999808382488,0.0,0.0049222400108871
1571.0,160,1,63,0,-62,0.610566,0.19549651,0.0023179793234973,0.0,99.99999808382488,0.0,0.0049222400108871
1571.5,159,1,62,0,-61,0.98141825,0.44910902,0.0023179793234973,0.0,99.99999808382488,0.0,0.0049222400108871
1572.0,160,1,62,0,-61,-0.38162288,0.9554111,0.0023179793234973,0.0,99.99999808382488,0.0,0.0049222400108871
1572.5,161,1,63,0,-62,1.6878946,0.3076934,0.0023179793234973,0.0,99.99999808382488,0.0,0.0049222400108871
1573.0,159,1,61,0,-60,0.559481,0.14823116,0.0023179793234973,0.0,99.99999808382488,0.0,0.0049222400108871
1573.5,159,1,61,0,-60,0.559481,0.14823116,0.0023179793234973,0.0,99.99999808382488,0.0,0.0049222400108871
1574.0,157,1,60,0,-59,-0.7808193,0.23977272,0.0023179793234973,0.0,99.99999808382488,0.0,0.0049222400108871
1574.5,158,1,61,0,-60,0.62562656,0.624546,0.0023179793234973,0.0,99.99999808382488,0.0,0.0049222400108871
1575.0,158,1,61,0,-60,0.62562656,0.624546,0.0023179793234973,0.0,99.99999808382488,0.0,0.0049222400108871
1575.5,159,1,63,0,-62,-0.04443136,0.72367334,0.0023179793234973,0.0,99.99999808382488,0.0,0.0049222400108871
1576.0,162,1,66,0,-65,-0.65616703,-0.49369103,0.0023179793234973,0.0,99.99999808382488,0.0,0.0049222400108871
1576.5,161,1,65,0,-64,0.58218324,0.44268513,0.0023179793234973,0.0,99.99999808382488,0.0,0.0049222400108871
1577.0,161,1,65,0,-64,0.58218324,0.44268513,0.0023179793234973,0.0,99.99999808382488,0.0,0.0049222400108871
1577.5,161,1,65,0,-64,0.58218324,0.44268513,0.0023179793234973,0.0,99.99999808382488,0.0,0.0049222400108871
1578.0,163,1,66,0,-65,0.6245677,0.7403087,0.0023179793234973,0.0,99.99999808382488,0.0,0.0049222400108871
1578.5,163,1,66,0,-65,0.6245677,0.7403087,0.0023179793234973,0.0,99.99999808382488,0.0,0.0049222400108871
1579.0,164,1,67,0,-66,-0.4829524,0.05457802,0.0023179793234973,0.0,99.99999808382488,0.0,0.0049222400108871
1579.5,163,1,66,0,-65,0.64710104,0.31131053,0.0023179793234973,0.0,99.99999808382488,0.0,0.0049222400108871
1580.0,162,1,65,0,-64,-0.8275745,0.033689782,0.0023179793234973,0.0,99.99999808382488,0.0,0.0049222400108871
1580.5,163,1,66,0,-65,-0.75018835,0.09334737,0.0023179793234973,0.0,99.99999808382488,0.0,0.0049222400108871
1581.0,164,1,67,0,-66,-0.06618348,0.7987873,0.0023179793234973,0.0,99.99999808382488,0.0,0.0049222400108871
1581.5,164,1,67,0,-66,-0.06618348,0.7987873,0.0023179793234973,0.0,99.99999808382488,0.0,0.0049222400108871
1582.0,163,1,66,0,-65,-0.25433463,0.6100598,0.0023179793234973,0.0,99.99999808382488,0.0,0.0049222400108871
1582.5,160,1,65,0,-64,-0.18953016,0.9449839,0.0023179793234973,0.0,99.99999808382488,0.0,0.0049222400108871
1583.0,160,1,65,0,-64,-0.18953016,0.9449839,0.0023179793234973,0.0,99.99999808382488,0.0,0.0049222400108871
1583.5,158,1,64,0,-63,-1.2442684,-0.1095783,0.0023179793234973,0.0,99.99999808382488,0.0,0.0049222400108871
1584.0,158,1,62,0,-61,0.24587291,-0.76911724,0.0023179793234973,0.0,99.99999808382488,0.0,0.0049222400108871
1584.5,158,1,62,0,-61,0.24587291,-0.76911724,0.0023179793234973,0.0,99.99999808382488,0.0,0.0049222400108871
1585.0,158,1,62,0,-61,0.24587291,-0.76911724,0.0023179793234973,0.0,99.99999808382488,0.0,0.0049222400108871
1585.5,156,1,61,0,-60,0.5389279,-0.0590546,0.0023179793234973,0.0,99.99999808382488,0.0,0.0049222400108871
1586.0,157,1,61,0,-60,0.5435152,0.37109187,0.0023179793234973,0.0,99.99999808382488,0.0,0.0049222400108871
1586.5,158,1,62,0,-61,-0.67507267,0.20298943,0.0023179793234973,0.0,99.99999808382488,0.0,0.0049222400108871
1587.0,160,1,64,0,-63,-0.29676905,-0.6310589,0.0023179793234973,0.0,99.99999808382488,0.0,0.0049222400108871
1587.5,161,1,65,0,-64,-0.14690065,-0.29228145,0.0023179793234973,0.0,99.99999808382488,0.0,0.0049222400108871
1588.0,160,1,65,0,-64,-0.45082226,-0.52615553,0.0023179793234973,0.0,99.99999808382488,0.0,0.0049222400108871
1588.5,161,1,66,0,-65,-0.5561533,-0.6359357,0.0023179793234973,0.0,99.99999808382488,0.0,0.0049222400108871
1589.0,161,1,67,0,-66,-0.2927793,0.07574749,0.0023179793234973,0.0,99.99999808382488,0.0,0.0049222400108871
1589.5,162,1,68,0,-67,-0.7400588,-0.28928906,0.0023179793234973,0.0,99.99999808382488,0.0,0.0049222400108871
1590.0,163,1,68,0,-67,-0.5762427,-0.16673411,0.0023179793234973,0.0,99.99999808382488,0.0,0.0049222400108871
1590.5,162,1,67,0,-66,-0.7193332,-0.21780781,0.0023179793234973,0.0,99.99999808382488,0.0,0.0049222400108871
1591.0,160,1,65,0,-64,-0.37130436,-0.003967285,0.0023179793234973,0.0,99.99999808382488,0.0,0.0049222400108871
1591.5,159,1,64,0,-63,-0.68436646,-0.40286106,0.0023179793234973,0.0,99.99999808382488,0.0,0.0049222400108871
1592.0,159,1,64,0,-63,-0.68436646,-0.40286106,0.0023179793234973,0.0,99.99999808382488,0.0,0.0049222400108871
1592.5,159,1,64,0,-63,-0.68436646,-0.40286106,0.0023179793234973,0.0,99.99999808382488,0.0,0.0049222400108871
1593.0,160,1,65,0,-64,-0.6215702,-0.3061642,0.0023179793234973,0.0,99.99999808382488,0.0,0.0049222400108871
1593.5,158,1,63,0,-62,-0.8718786,-0.13512938,0.0023179793234973,0.0,99.99999808382488,0.0,0.0049222400108871
1594.0,159,1,63,0,-62,-0.5633042,-0.44432944,0.0023179793234973,0.0,99.99999808382488,0.0,0.0049222400108871
1594.5,158,1,63,0,-62,-0.79493034,0.030761063,0.0023179793234973,0.0,99.99999808382488,0.0,0.0049222400108871
1595.0,158,1,63,0,-62,-0.79493034,0.030761063,0.0023179793234973,0.0,99.99999808382488,0.0,0.0049222400108871
1595.5,158,1,63,0,-62,-0.7673644,-0.060077325,0.0023179793234973,0.0,99.99999808382488,0.0,0.0049222400108871
1596.0,159,1,64,0,-63,-0.69088674,-0.2785111,0.0023179793234973,0.0,99.99999808382488,0.0,0.0049222400108871
1596.5,159,1,64,0,-63,-1.0864608,-0.027152881,0.0023179793234973,0.0,99.99999808382488,0.0,0.0049222400108871
1597.0,160,1,64,0,-63,0.902025,-0.078168795,0.0023179793234973,0.0,99.99999808382488,0.0,0.0049222400108871
1597.5,160,1,64,0,-63,-0.61715734,-0.30591017,0.0023179793234973,0.0,99.99999808382488,0.0,0.0049222400108871
1598.0,161,1,64,0,-63,-0.24844441,0.5192057,0.0023179793234973,0.0,99.99999808382488,0.0,0.0049222400108871
1598.5,161,1,64,0,-63,-0.24844441,0.5192057,0.0023179793234973,0.0,99.99999808382488,0.0,0.0049222400108871
1599.0,161,1,64,0,-63,-0.24844441,0.5192057,0.0023179793234973,0.0,99.99999808382488,0.0,0.0049222400108871
1599.5,160,1,63,0,-62,0.25717324,0.7607859,0.0023179793234973,0.0,99.99999808382488,0.0,0.0049222400108871
1600.0,162,1,63,0,-62,-0.5627264,-0.014139444,0.0023179793234973,0.0,99.99999808382488,0.0,0.0049222400108871
1600.5,162,1,63,0,-62,-0.5627264,-0.014139444,0.0023179793234973,0.0,99.99999808382488,0.0,0.0049222400108871
1601.0,161,1,62,0,-61,-0.6399468,-0.09931724,0.0023179793234973,0.0,99.99999808382488,0.0,0.0049222400108871
1601.5,160,1,61,0,-60,-0.6697483,-0.23655741,0.0023179793234973,0.0,99.99999808382488,0.0,0.0049222400108871
1602.0,161,1,62,0,-61,-0.04263574,-0.63725495,0.0023179793234973,0.0,99.99999808382488,0.0,0.0049222400108871
1602.5,161,1,62,0,-61,-0.04263574,-0.63725495,0.0023179793234973,0.0,99.99999808382488,0.0,0.0049222400108871
1603.0,160,1,62,0,-61,1.832899,0.89339477,0.0023179793234973,0.0,99.99999808382488,0.0,0.0049222400108871
1603.5,160,1,62,0,-61,1.832899,0.89339477,0.0023179793234973,0.0,99.99999808382488,0.0,0.0049222400108871
1604.0,159,1,62,0,-61,-0.06865391,-0.4958161,0.0023179793234973,0.0,99.99999808382488,0.0,0.0049222400108871
1604.5,159,1,62,0,-61,-0.048040867,-0.21744962,0.0023179793234973,0.0,99.99999808382488,0.0,0.0049222400108871
1605.0,159,1,62,0,-61,-0.048040867,-0.21744962,0.0023179793234973,0.0,99.99999808382488,0.0,0.0049222400108871
1605.5,159,1,62,0,-61,-0.048040867,-0.21744962,0.0023179793234973,0.0,99.99999808382488,0.0,0.0049222400108871
1606.0,158,1,61,0,-60,1.636595,0.29309428,0.0023179793234973,0.0,99.99999808382488,0.0,0.0049222400108871
1606.5,157,1,60,0,-59,1.7827668,0.28606433,0.0023179793234973,0.0,99.99999808382488,0.0,0.0049222400108871
1607.0,156,1,59,0,-58,1.6398804,0.4661345,0.0023179793234973,0.0,99.99999808382488,0.0,0.0049222400108871
1607.5,157,1,60,0,-59,0.7671212,0.60428375,0.0023179793234973,0.0,99.99999808382488,0.0,0.0049222400108871
1608.0,156,1,59,0,-58,1.7063909,0.56204885,0.0023179793234973,0.0,99.99999808382488,0.0,0.0049222400108871
1608.5,158,1,60,0,-59,1.6493311,0.58033717,0.0023179793234973,0.0,99.99999808382488,0.0,0.0049222400108871
1609.0,156,1,58,0,-57,1.7519455,0.15216194,0.0023179793234973,0.0,99.99999808382488,0.0,0.0049222400108871
1609.5,156,1,58,0,-57,1.7519455,0.15216194,0.0023179793234973,0.0,99.99999808382488,0.0,0.0049222400108871
1610.0,155,1,58,0,-57,-0.14594871,-0.18466745,0.0023179793234973,0.0,99.99999808382488,0.0,0.0049222400108871
1610.5,154,1,57,0,-56,0.49979028,0.12433429,0.0023179793234973,0.0,99.99999808382488,0.0,0.0049222400108871
1611.0,154,1,57,0,-56,0.49979028,0.12433429,0.0023179793234973,0.0,99.99999808382488,0.0,0.0049222400108871
1611.5,154,1,57,0,-56,0.49979028,0.12433429,0.0023179793234973,0.0,99.99999808382488,0.0,0.0049222400108871
1612.0,152,1,56,0,-55,-0.2237255,1.1116925,0.0023179793234973,0.0,99.99999808382488,0.0,0.0049222400108871
1612.5,152,1,56,0,-55,-0.2237255,1.1116925,0.0023179793234973,0.0,99.99999808382488,0.0,0.0049222400108871
1613.0,153,1,57,0,-56,-0.23524949,-0.50166065,0.0023179793234973,0.0,99.99999808382488,0.0,0.0049222400108871
1613.5,153,1,57,0,-56,-0.23524949,-0.50166065,0.0023179793234973,0.0,99.99999808382488,0.0,0.0049222400108871
1614.0,152,1,56,0,-55,1.2688441,-0.04605846,0.0023179793234973,0.0,99.99999808382488,0.0,0.0049222400108871
1614.5,152,1,56,0,-55,1.2688441,-0.04605846,0.0023179793234973,0.0,99.99999808382488,0.0,0.0049222400108871
1615.0,153,1,57,0,-56,1.4360226,-0.07432325,0.0023179793234973,0.0,99.99999808382488,0.0,0.0049222400108871
1615.5,152,1,55,0,-54,-1.1584783,-0.17835979,0.0023179793234973,0.0,99.99999808382488,0.0,0.0049222400108871
1616.0,152,1,55,0,-54,-1.1584783,-0.17835979,0.0023179793234973,0.0,99.99999808382488,0.0,0.0049222400108871
1616.5,152,1,55,0,-54,-1.1584783,-0.17835979,0.0023179793234973,0.0,99.99999808382488,0.0,0.0049222400108871
1617.0,152,1,55,0,-54,-1.1584783,-0.17835979,0.0023179793234973,0.0,99.99999808382488,0.0,0.0049222400108871
1617.5,152,1,55,0,-54,-1.1584783,-0.17835979,0.0023179793234973,0.0,99.99999808382488,0.0,0.0049222400108871
1618.0,152,1,55,0,-54,-1.1584783,-0.17835979,0.0023179793234973,0.0,99.99999808382488,0.0,0.0049222400108871
1618.5,151,1,54,0,-53,0.16574618,0.48886317,0.0023179793234973,0.0,99.99999808382488,0.0,0.0049222400108871
1619.0,152,1,55,0,-54,-0.6416156,1.3509012,0.0023179793234973,0.0,99.99999808382488,0.0,0.0049222400108871
1619.5,152,1,55,0,-54,-0.6416156,1.3509012,0.0023179793234973,0.0,99.99999808382488,0.0,0.0049222400108871
1620.0,152,1,55,0,-54,-0.6416156,1.3509012,0.0023179793234973,0.0,99.99999808382488,0.0,0.0049222400108871
1620.5,152,1,54,0,-53,0.14164542,-0.1545377,0.0023179793234973,0.0,99.99999808382488,0.0,0.0049222400108871
1621.0,154,1,56,0,-55,0.65782845,0.21959233,0.0023179793234973,0.0,99.99999808382488,0.0,0.0049222400108871
1621.5,155,1,57,0,-56,0.7561679,-0.05234866,0.0023179793234973,0.0,99.99999808382488,0.0,0.0049222400108871
1622.0,155,1,57,0,-56,0.7561679,-0.05234866,0.0023179793234973,0.0,99.99999808382488,0.0,0.0049222400108871
1622.5,155,1,57,0,-56,0.7561679,-0.05234866,0.0023179793234973,0.0,99.99999808382488,0.0,0.0049222400108871
1623.0,154,1,57,0,-56,-0.5239111,-0.16561364,0.0023179793234973,0.0,99.99999808382488,0.0,0.0049222400108871
1623.5,154,1,57,0,-56,-0.5239111,-0.16561364,0.0023179793234973,0.0,99.99999808382488,0.0,0.0049222400108871
1624.0,153,1,56,0,-55,-0.7630054,0.29281306,0.0023179793234973,0.0,99.99999808382488,0.0,0.0049222400108871
1624.5,153,1,56,0,-55,-0.7630054,0.29281306,0.0023179793234973,0.0,99.99999808382488,0.0,0.0049222400108871
1625.0,153,1,56,0,-55,-0.7630054,0.29281306,0.0023179793234973,0.0,99.99999808382488,0.0,0.0049222400108871
1625.5,153,1,56,0,-55,-0.7630054,0.29281306,0.0023179793234973,0.0,99.99999808382488,0.0,0.0049222400108871
1626.0,155,1,58,0,-57,0.5275007,0.16979042,0.0023179793234973,0.0,99.99999808382488,0.0,0.0049222400108871
1626.5,155,1,58,0,-57,0.5275007,0.16979042,0.0023179793234973,0.0,99.99999808382488,0.0,0.0049222400108871
1627.0,155,1,58,0,-57,0.5275007,0.16979042,0.0023179793234973,0.0,99.99999808382488,0.0,0.0049222400108871
1627.5,155,1,58,0,-57,0.5275007,0.16979042,0.0023179793234973,0.0,99.99999808382488,0.0,0.0049222400108871
1628.0,155,1,58,0,-57,0.5275007,0.16979042,0.0023179793234973,0.0,99.99999808382488,0.0,0.0049222400108871
1628.5,154,2,58,0,-56,0.3435481,0.15858021,0.0023179793234973,0.0,99.99999808382488,0.0,0.0049222400108871
1629.0,155,2,59,0,-57,0.7351012,0.20141046,0.0023179793234973,0.0,99.99999808382488,0.0,0.0049222400108871
1629.5,155,2,59,0,-57,0.7351012,0.20141046,0.0023179793234973,0.0,99.99999808382488,0.0,0.0049222400108871
1630.0,154,2,58,0,-56,-0.86697507,-0.062269643,0.0023179793234973,0.0,99.99999808382488,0.0,0.0049222400108871
1630.5,153,2,58,0,-56,0.5978608,-0.11864327,0.0023179793234973,0.0,99.99999808382488,0.0,0.0049222400108871
1631.0,152,2,58,0,-56,0.2723313,-0.16326658,0.0023179793234973,0.0,99.99999808382488,0.0,0.0049222400108871
1631.5,152,2,58,0,-56,0.2723313,-0.16326658,0.0023179793234973,0.0,99.99999808382488,0.0,0.0049222400108871
1632.0,152,2,58,0,-56,0.2723313,-0.16326658,0.0023179793234973,0.0,99.99999808382488,0.0,0.0049222400108871
1632.5,151,2,57,0,-55,0.6400079,0.27860805,0.0023179793234973,0.0,99.99999808382488,0.0,0.0049222400108871
1633.0,151,2,57,0,-55,0.6400079,0.27860805,0.0023179793234973,0.0,99.99999808382488,0.0,0.0049222400108871
1633.5,148,2,55,0,-53,-0.0045911074,-0.12097196,0.0023179793234973,0.0,99.99999808382488,0.0,0.0049222400108871
1634.0,148,2,55,0,-53,-0.0045911074,-0.12097196,0.0023179793234973,0.0,99.99999808382488,0.0,0.0049222400108871
1634.5,148,2,55,0,-53,-0.0045911074,-0.12097196,0.0023179793234973,0.0,99.99999808382488,0.0,0.0049222400108871
1635.0,149,2,55,0,-53,-0.1014632,-0.12377821,0.0023179793234973,0.0,99.99999808382488,0.0,0.0049222400108871
1635.5,148,2,54,0,-52,-0.09097877,-0.20456497,0.0023179793234973,0.0,99.99999808382488,0.0,0.0049222400108871
1636.0,146,2,53,0,-51,-0.4704335,-0.112806246,0.0023179793234973,0.0,99.99999808382488,0.0,0.0049222400108871
1636.5,146,2,53,0,-51,-0.4704335,-0.112806246,0.0023179793234973,0.0,99.99999808382488,0.0,0.0049222400108871
1637.0,146,2,53,0,-51,-0.4704335,-0.112806246,0.0023179793234973,0.0,99.99999808382488,0.0,0.0049222400108871
1637.5,147,2,54,0,-52,-0.11232683,-0.036308154,0.0023179793234973,0.0,99.99999808382488,0.0,0.0049222400108871
1638.0,148,2,54,0,-52,1.6801729,0.80543363,0.0023179793234973,0.0,99.99999808382488,0.0,0.0049222400108871
1638.5,146,3,53,0,-50,0.2680926,-0.3022626,0.0023179793234973,0.0,99.99999808382488,0.0,0.0049222400108871
1639.0,146,3,53,0,-50,0.2680926,-0.3022626,0.0023179793234973,0.0,99.99999808382488,0.0,0.0049222400108871
1639.5,146,3,53,0,-50,0.2680926,-0.3022626,0.0023179793234973,0.0,99.99999808382488,0.0,0.0049222400108871
1640.0,149,3,54,0,-51,-0.66660833,-0.20336951,0.0023179793234973,0.0,99.99999808382488,0.0,0.0049222400108871
1640.5,151,2,55,0,-53,-0.68249774,-0.4866013,0.0023179793234973,0.0,99.99999808382488,0.0,0.0049222400108871
1641.0,152,2,56,0,-54,-0.7374662,-0.00035724044,0.0023179793234973,0.0,99.99999808382488,0.0,0.0049222400108871
1641.5,151,2,55,0,-53,-0.9882164,-0.21496744,0.0023179793234973,0.0,99.99999808382488,0.0,0.0049222400108871
1642.0,152,2,56,0,-54,-0.87760425,-0.3204016,0.0023179793234973,0.0,99.99999808382488,0.0,0.0049222400108871
1642.5,151,2,56,0,-54,-0.66987514,0.23190737,0.0023179793234973,0.0,99.99999808382488,0.0,0.0049222400108871
1643.0,154,2,58,0,-56,-0.20179224,0.027218208,0.0023179793234973,0.0,99.99999808382488,0.0,0.0049222400108871
1643.5,152,2,59,0,-57,0.15471092,1.0476503,0.0023179793234973,0.0,99.99999808382488,0.0,0.0049222400108871
1644.0,152,2,59,0,-57,0.15471092,1.0476503,0.0023179793234973,0.0,99.99999808382488,0.0,0.0049222400108871
1644.5,151,2,58,0,-56,0.90450287,0.5137969,0.0023179793234973,0.0,99.99999808382488,0.0,0.0049222400108871
1645.0,150,2,58,0,-56,0.076880276,-0.13823049,0.0023179793234973,0.0,99.99999808382488,0.0,0.0049222400108871
1645.5,150,3,59,0,-56,-0.74300027,-0.15271385,0.0023179793234973,0.0,99.99999808382488,0.0,0.0049222400108871
1646.0,150,3,59,0,-56,-0.74300027,-0.15271385,0.0023179793234973,0.0,99.99999808382488,0.0,0.0049222400108871
1646.5,151,3,59,0,-56,-0.7738546,-0.4841919,0.0023179793234973,0.0,99.99999808382488,0.0,0.0049222400108871
1647.0,150,3,58,0,-55,-0.9859092,0.0001014024,0.0023179793234973,0.0,99.99999808382488,0.0,0.0049222400108871
1647.5,150,3,58,0,-55,-0.9859092,0.0001014024,0.0023179793234973,0.0,99.99999808382488,0.0,0.0049222400108871
1648.0,150,3,58,0,-55,-0.9859092,0.0001014024,0.0023179793234973,0.0,99.99999808382488,0.0,0.0049222400108871
1648.5,150,3,57,0,-54,-1.1557395,0.001215145,0.0023179793234973,0.0,99.99999808382488,0.0,0.0049222400108871
1649.0,150,3,57,0,-54,-1.1557395,0.001215145,0.0023179793234973,0.0,99.99999808382488,0.0,0.0049222400108871
1649.5,149,3,56,0,-53,0.89291775,0.27685282,0.0023179793234973,0.0,99.99999808382488,0.0,0.0049222400108871
1650.0,148,3,55,0,-52,1.8542805,0.5260217,0.0023179793234973,0.0,99.99999808382488,0.0,0.0049222400108871
1650.5,148,3,55,0,-52,1.8542805,0.5260217,0.0023179793234973,0.0,99.99999808382488,0.0,0.0049222400108871
1651.0,147,3,54,0,-51,1.6870489,0.3840781,0.0023179793234973,0.0,99.99999808382488,0.0,0.0049222400108871
1651.5,148,2,54,0,-52,0.1384131,-0.18638776,0.0023179793234973,0.0,99.99999808382488,0.0,0.0049222400108871
1652.0,147,2,53,0,-51,0.38393545,-0.005963698,0.0023179793234973,0.0,99.99999808382488,0.0,0.0049222400108871
1652.5,147,2,53,0,-51,0.38393545,-0.005963698,0.0023179793234973,0.0,99.99999808382488,0.0,0.0049222400108871
1653.0,148,2,53,0,-51,0.2863716,-0.17171074,0.0023179793234973,0.0,99.99999808382488,0.0,0.0049222400108871
1653.5,149,2,54,0,-52,0.2049394,0.09076278,0.0023179793234973,0.0,99.99999808382488,0.0,0.0049222400108871
1654.0,152,2,57,0,-55,0.65511465,0.57239884,0.0023179793234973,0.0,99.99999808382488,0.0,0.0049222400108871
1654.5,152,2,57,0,-55,0.65511465,0.57239884,0.0023179793234973,0.0,99.99999808382488,0.0,0.0049222400108871
1655.0,154,2,59,0,-57,0.2769295,0.64630836,0.0023179793234973,0.0,99.99999808382488,0.0,0.0049222400108871
1655.5,154,2,59,0,-57,0.16655472,0.039326847,0.0023179793234973,0.0,99.99999808382488,0.0,0.0049222400108871
1656.0,152,3,59,0,-56,0.13098067,0.8162969,0.0023179793234973,0.0,99.99999808382488,0.0,0.0049222400108871
1656.5,151,2,59,0,-57,1.4024038,0.5880641,0.0023179793234973,0.0,99.99999808382488,0.0,0.0049222400108871
1657.0,150,2,58,0,-56,1.6720328,0.78783923,0.0023179793234973,0.0,99.99999808382488,0.0,0.0049222400108871
1657.5,150,2,58,0,-56,1.6720328,0.78783923,0.0023179793234973,0.0,99.99999808382488,0.0,0.0049222400108871
1658.0,150,2,58,0,-56,1.6720328,0.78783923,0.0023179793234973,0.0,99.99999808382488,0.0,0.0049222400108871
1658.5,149,2,58,0,-56,1.4954159,1.0786538,0.0023179793234973,0.0,99.99999808382488,0.0,0.0049222400108871
1659.0,151,2,58,0,-56,-0.060204178,0.54146594,0.0023179793234973,0.0,99.99999808382488,0.0,0.0049222400108871
1659.5,155,1,60,0,-59,0.44061685,-0.18251501,0.0023179793234973,0.0,99.99999808382488,0.0,0.0049222400108871
1660.0,155,1,60,0,-59,0.35947978,-0.022335961,0.0023179793234973,0.0,99.99999808382488,0.0,0.0049222400108871
1660.5,155,1,60,0,-59,0.52027756,0.07138035,0.0023179793234973,0.0,99.99999808382488,0.0,0.0049222400108871
1661.0,155,1,60,0,-59,0.52027756,0.07138035,0.0023179793234973,0.0,99.99999808382488,0.0,0.0049222400108871
1661.5,157,1,62,0,-61,-0.6580436,-0.4442554,0.0023179793234973,0.0,99.99999808382488,0.0,0.0049222400108871
1662.0,157,1,62,0,-61,0.22687839,0.70537806,0.0023179793234973,0.0,99.99999808382488,0.0,0.0049222400108871
1662.5,159,1,62,0,-61,0.25727427,0.26177222,0.0023179793234973,0.0,99.99999808382488,0.0,0.0049222400108871
1663.0,160,1,63,0,-62,0.14281686,0.8034012,0.0023179793234973,0.0,99.99999808382488,0.0,0.0049222400108871
1663.5,161,1,63,0,-62,0.33567914,-0.06274657,0.0023179793234973,0.0,99.99999808382488,0.0,0.0049222400108871
1664.0,162,1,64,0,-63,0.52221787,-0.14555822,0.0023179793234973,0.0,99.99999808382488,0.0,0.0049222400108871
1664.5,163,1,65,0,-64,0.5712569,0.3938078,0.0023179793234973,0.0,99.99999808382488,0.0,0.0049222400108871
1665.0,162,1,64,0,-63,0.07344234,0.27302378,0.0023179793234973,0.0,99.99999808382488,0.0,0.0049222400108871
1665.5,162,1,64,0,-63,0.07344234,0.27302378,0.0023179793234973,0.0,99.99999808382488,0.0,0.0049222400108871
1666.0,162,1,63,0,-62,0.23727937,0.6745515,0.0023179793234973,0.0,99.99999808382488,0.0,0.0049222400108871
1666.5,162,1,63,0,-62,0.23727937,0.6745515,0.0023179793234973,0.0,99.99999808382488,0.0,0.0049222400108871
1667.0,162,1,63,0,-62,0.23727937,0.6745515,0.0023179793234973,0.0,99.99999808382488,0.0,0.0049222400108871
1667.5,163,1,64,0,-63,-0.071467966,0.7477149,0.0023179793234973,0.0,99.99999808382488,0.0,0.0049222400108871
1668.0,163,1,64,0,-63,0.0422657,0.0088133365,0.0023179793234973,0.0,99.99999808382488,0.0,0.0049222400108871
1668.5,163,1,64,0,-63,0.0422657,0.0088133365,0.0023179793234973,0.0,99.99999808382488,0.0,0.0049222400108871
1669.0,161,1,63,0,-62,-0.2765291,1.289258,0.0023179793234973,0.0,99.99999808382488,0.0,0.0049222400108871
1669.5,162,1,64,0,-63,0.3991249,-0.31913513,0.0023179793234973,0.0,99.99999808382488,0.0,0.0049222400108871
1670.0,162,1,64,0,-63,0.3991249,-0.31913513,0.0023179793234973,0.0,99.99999808382488,0.0,0.0049222400108871
1670.5,163,1,65,0,-64,0.40097106,-0.23207347,0.0023179793234973,0.0,99.99999808382488,0.0,0.0049222400108871
1671.0,162,1,64,0,-63,0.18715924,-0.25991172,0.0023179793234973,0.0,99.99999808382488,0.0,0.0049222400108871
1671.5,163,1,64,0,-63,0.0014588982,0.5807534,0.0023179793234973,0.0,99.99999808382488,0.0,0.0049222400108871
1672.0,163,1,64,0,-63,0.0014588982,0.5807534,0.0023179793234973,0.0,99.99999808382488,0.0,0.0049222400108871
1672.5,163,1,64,0,-63,0.0014588982,0.5807534,0.0023179793234973,0.0,99.99999808382488,0.0,0.0049222400108871
1673.0,163,1,64,0,-63,0.0014588982,0.5807534,0.0023179793234973,0.0,99.99999808382488,0.0,0.0049222400108871
1673.5,163,1,64,0,-63,0.0014588982,0.5807534,0.0023179793234973,0.0,99.99999808382488,0.0,0.0049222400108871
1674.0,163,1,64,0,-63,0.2542302,0.07610257,0.0023179793234973,0.0,99.99999808382488,0.0,0.0049222400108871
1674.5,163,1,64,0,-63,0.2542302,0.07610257,0.0023179793234973,0.0,99.99999808382488,0.0,0.0049222400108871
1675.0,163,1,64,0,-63,0.2542302,0.07610257,0.0023179793234973,0.0,99.99999808382488,0.0,0.0049222400108871
1675.5,162,1,64,0,-63,0.23871629,-0.15977158,0.0023179793234973,0.0,99.99999808382488,0.0,0.0049222400108871
1676.0,162,1,64,0,-63,0.23871629,-0.15977158,0.0023179793234973,0.0,99.99999808382488,0.0,0.0049222400108871
1676.5,162,1,63,0,-62,0.43584,1.0838714,0.0023179793234973,0.0,99.99999808382488,0.0,0.0049222400108871
1677.0,161,1,62,0,-61,0.20166337,0.8262888,0.0023179793234973,0.0,99.99999808382488,0.0,0.0049222400108871
1677.5,161,1,62,0,-61,0.20166337,0.8262888,0.0023179793234973,0.0,99.99999808382488,0.0,0.0049222400108871
1678.0,161,1,62,0,-61,0.20166337,0.8262888,0.0023179793234973,0.0,99.99999808382488,0.0,0.0049222400108871
1678.5,162,1,63,0,-62,0.31738666,0.7905111,0.0023179793234973,0.0,99.99999808382488,0.0,0.0049222400108871
1679.0,162,1,63,0,-62,0.31738666,0.7905111,0.0023179793234973,0.0,99.99999808382488,0.0,0.0049222400108871
1679.5,163,1,63,0,-62,0.31738666,0.7905111,0.0023179793234973,0.0,99.99999808382488,0.0,0.0049222400108871
1680.0,161,1,62,0,-61,-0.25627527,0.03145747,0.0023179793234973,0.0,99.99999808382488,0.0,0.0049222400108871
1680.5,161,1,62,0,-61,-0.25627527,0.03145747,0.0023179793234973,0.0,99.99999808382488,0.0,0.0049222400108871
1681.0,161,1,62,0,-61,-0.25627527,0.03145747,0.0023179793234973,0.0,99.99999808382488,0.0,0.0049222400108871
1681.5,159,1,61,0,-60,-0.0061527193,0.83999354,0.0023179793234973,0.0,99.99999808382488,0.0,0.0049222400108871
1682.0,159,1,61,0,-60,-0.0061527193,0.83999354,0.0023179793234973,0.0,99.99999808382488,0.0,0.0049222400108871
1682.5,159,1,61,0,-60,-0.0061527193,0.83999354,0.0023179793234973,0.0,99.99999808382488,0.0,0.0049222400108871
1683.0,159,1,60,0,-59,-0.6163119,-0.29077226,0.0023179793234973,0.0,99.99999808382488,0.0,0.0049222400108871
1683.5,158,1,60,0,-59,-0.6700728,-0.30051655,0.0023179793234973,0.0,99.99999808382488,0.0,0.0049222400108871
1684.0,158,1,60,0,-59,-0.6700728,-0.30051655,0.0023179793234973,0.0,99.99999808382488,0.0,0.0049222400108871
1684.5,158,1,60,0,-59,-0.7554829,-0.31637192,0.0023179793234973,0.0,99.99999808382488,0.0,0.0049222400108871
1685.0,156,1,58,0,-57,0.5384452,-0.006066546,0.0023179793234973,0.0,99.99999808382488,0.0,0.0049222400108871
1685.5,157,1,58,0,-57,-0.9093323,-0.089578345,0.0023179793234973,0.0,99.99999808382488,0.0,0.0049222400108871
1686.0,156,1,57,0,-56,-0.98692703,0.048757657,0.0023179793234973,0.0,99.99999808382488,0.0,0.0049222400108871
1686.5,156,1,57,0,-56,-0.98692703,0.048757657,0.0023179793234973,0.0,99.99999808382488,0.0,0.0049222400108871
1687.0,157,1,58,0,-57,-0.31478503,0.89245373,0.0023179793234973,0.0,99.99999808382488,0.0,0.0049222400108871
1687.5,158,1,59,0,-58,-0.00081956387,0.8748223,0.0023179793234973,0.0,99.99999808382488,0.0,0.0049222400108871
1688.0,156,1,58,0,-57,-0.5878819,0.075780794,0.0023179793234973,0.0,99.99999808382488,0.0,0.0049222400108871
1688.5,156,1,58,0,-57,-0.5878819,0.075780794,0.0023179793234973,0.0,99.99999808382488,0.0,0.0049222400108871
1689.0,156,1,58,0,-57,-0.5878819,0.075780794,0.0023179793234973,0.0,99.99999808382488,0.0,0.0049222400108871
1689.5,156,1,58,0,-57,-0.5878819,0.075780794,0.0023179793234973,0.0,99.99999808382488,0.0,0.0049222400108871
1690.0,155,1,57,0,-56,-0.42629328,0.20276105,0.0023179793234973,0.0,99.99999808382488,0.0,0.0049222400108871
1690.5,155,1,57,0,-56,-0.42629328,0.20276105,0.0023179793234973,0.0,99.99999808382488,0.0,0.0049222400108871
1691.0,157,1,59,0,-58,-0.4621785,0.06904067,0.0023179793234973,0.0,99.99999808382488,0.0,0.0049222400108871
1691.5,157,1,59,0,-58,-0.4621785,0.06904067,0.0023179793234973,0.0,99.99999808382488,0.0,0.0049222400108871
1692.0,158,1,60,0,-59,-0.31852368,0.18593451,0.0023179793234973,0.0,99.99999808382488,0.0,0.0049222400108871
1692.5,157,2,60,0,-58,-0.63270116,-0.16166066,0.0023179793234973,0.0,99.99999808382488,0.0,0.0049222400108871
1693.0,158,2,61,0,-59,-0.5715623,-0.5682751,0.0023179793234973,0.0,99.99999808382488,0.0,0.0049222400108871
1693.5,159,1,61,0,-60,0.5532661,0.7328792,0.0023179793234973,0.0,99.99999808382488,0.0,0.0049222400108871
1694.0,159,1,61,0,-60,0.5532661,0.7328792,0.0023179793234973,0.0,99.99999808382488,0.0,0.0049222400108871
1694.5,159,1,63,0,-62,-0.8499365,0.11229928,0.0023179793234973,0.0,99.99999808382488,0.0,0.0049222400108871
1695.0,161,1,65,0,-64,0.17866594,0.89452964,0.0023179793234973,0.0,99.99999808382488,0.0,0.0049222400108871
1695.5,161,1,65,0,-64,0.17866594,0.89452964,0.0023179793234973,0.0,99.99999808382488,0.0,0.0049222400108871
1696.0,161,1,65,0,-64,0.17866594,0.89452964,0.0023179793234973,0.0,99.99999808382488,0.0,0.0049222400108871
1696.5,160,1,64,0,-63,-0.5112444,0.21656819,0.0023179793234973,0.0,99.99999808382488,0.0,0.0049222400108871
1697.0,161,1,65,0,-64,0.6954907,0.22842775,0.0023179793234973,0.0,99.99999808382488,0.0,0.0049222400108871
1697.5,162,1,66,0,-65,0.78476584,0.025210306,0.0023179793234973,0.0,99.99999808382488,0.0,0.0049222400108871
1698.0,162,1,66,0,-65,0.78476584,0.025210306,0.0023179793234973,0.0,99.99999808382488,0.0,0.0049222400108871
1698.5,160,1,64,0,-63,1.6178185,0.46189922,0.0023179793234973,0.0,99.99999808382488,0.0,0.0049222400108871
1699.0,161,1,64,0,-63,0.5311713,0.2310567,0.0023179793234973,0.0,99.99999808382488,0.0,0.0049222400108871
1699.5,160,1,63,0,-62,0.5219154,-0.3212995,0.0023179793234973,0.0,99.99999808382488,0.0,0.0049222400108871
1700.0,161,1,64,0,-63,0.6260917,-0.02045305,0.0023179793234973,0.0,99.99999808382488,0.0,0.0049222400108871
1700.5,160,1,63,0,-62,0.56936,-0.056861386,0.0023179793234973,0.0,99.99999808382488,0.0,0.0049222400108871
1701.0,159,1,62,0,-61,0.59032214,0.097417854,0.0023179793234973,0.0,99.99999808382488,0.0,0.0049222400108871
1701.5,159,1,62,0,-61,0.59032214,0.097417854,0.0023179793234973,0.0,99.99999808382488,0.0,0.0049222400108871
1702.0,159,1,62,0,-61,0.59032214,0.097417854,0.0023179793234973,0.0,99.99999808382488,0.0,0.0049222400108871
1702.5,160,1,62,0,-61,1.4141022,0.88942665,0.0023179793234973,0.0,99.99999808382488,0.0,0.0049222400108871
1703.0,160,1,62,0,-61,1.4141022,0.88942665,0.0023179793234973,0.0,99.99999808382488,0.0,0.0049222400108871
1703.5,161,1,63,0,-62,-0.4971141,0.17852378,0.0023179793234973,0.0,99.99999808382488,0.0,0.0049222400108871
1704.0,161,1,63,0,-62,-0.4971141,0.17852378,0.0023179793234973,0.0,99.99999808382488,0.0,0.0049222400108871
1704.5,161,1,63,0,-62,-0.4971141,0.17852378,0.0023179793234973,0.0,99.99999808382488,0.0,0.0049222400108871
1705.0,161,1,63,0,-62,-0.4971141,0.17852378,0.0023179793234973,0.0,99.99999808382488,0.0,0.0049222400108871
1705.5,161,1,63,0,-62,-0.4971141,0.17852378,0.0023179793234973,0.0,99.99999808382488,0.0,0.0049222400108871
1706.0,161,1,63,0,-62,-0.4971141,0.17852378,0.0023179793234973,0.0,99.99999808382488,0.0,0.0049222400108871
1706.5,163,1,64,0,-63,0.0718369,-0.11055826,0.0023179793234973,0.0,99.99999808382488,0.0,0.0049222400108871
1707.0,163,1,64,0,-63,0.0718369,-0.11055826,0.0023179793234973,0.0,99.99999808382488,0.0,0.0049222400108871
1707.5,162,1,63,0,-62,-0.83269465,0.22343864,0.0023179793234973,0.0,99.99999808382488,0.0,0.0049222400108871
1708.0,161,1,62,0,-61,0.5055676,0.7083075,0.0023179793234973,0.0,99.99999808382488,0.0,0.0049222400108871
1708.5,161,1,62,0,-61,0.5055676,0.7083075,0.0023179793234973,0.0,99.99999808382488,0.0,0.0049222400108871
1709.0,161,1,62,0,-61,0.5055676,0.7083075,0.0023179793234973,0.0,99.99999808382488,0.0,0.0049222400108871
1709.5,161,1,62,0,-61,0.5055676,0.7083075,0.0023179793234973,0.0,99.99999808382488,0.0,0.0049222400108871
1710.0,159,1,60,0,-59,0.5607114,0.22072008,0.0023179793234973,0.0,99.99999808382488,0.0,0.0049222400108871
1710.5,159,1,60,0,-59,0.5607114,0.22072008,0.0023179793234973,0.0,99.99999808382488,0.0,0.0049222400108871
1711.0,159,1,61,0,-60,-0.32050553,-0.12060456,0.0023179793234973,0.0,99.99999808382488,0.0,0.0049222400108871
1711.5,159,1,61,0,-60,-0.32050553,-0.12060456,0.0023179793234973,0.0,99.99999808382488,0.0,0.0049222400108871
1712.0,159,1,62,0,-61,-0.2980632,-0.34270692,0.0023179793234973,0.0,99.99999808382488,0.0,0.0049222400108871
1712.5,160,1,62,0,-61,-0.17867094,-0.24468254,0.0023179793234973,0.0,99.99999808382488,0.0,0.0049222400108871
1713.0,161,1,63,0,-62,-0.782436,-0.31243318,0.0023179793234973,0.0,99.99999808382488,0.0,0.0049222400108871
1713.5,161,1,63,0,-62,-0.782436,-0.31243318,0.0023179793234973,0.0,99.99999808382488,0.0,0.0049222400108871
1714.0,161,1,63,0,-62,-0.782436,-0.31243318,0.0023179793234973,0.0,99.99999808382488,0.0,0.0049222400108871
1714.5,161,1,63,0,-62,-0.782436,-0.31243318,0.0023179793234973,0.0,99.99999808382488,0.0,0.0049222400108871
1715.0,163,1,64,0,-63,-0.48128954,-0.007823274,0.0023179793234973,0.0,99.99999808382488,0.0,0.0049222400108871
1715.5,163,1,64,0,-63,-0.48128954,-0.007823274,0.0023179793234973,0.0,99.99999808382488,0.0,0.0049222400108871
1716.0,161,1,63,0,-62,-0.017830133,-0.64809567,0.0023179793234973,0.0,99.99999808382488,0.0,0.0049222400108871
1716.5,158,1,62,0,-61,-0.57525647,-0.22336595,0.0023179793234973,0.0,99.99999808382488,0.0,0.0049222400108871
1717.0,158,1,62,0,-61,-0.7975439,0.37303674,0.0023179793234973,0.0,99.99999808382488,0.0,0.0049222400108871
1717.5,157,1,61,0,-60,-0.54550683,-0.7257467,0.0023179793234973,0.0,99.99999808382488,0.0,0.0049222400108871
1718.0,158,1,61,0,-60,-0.0028076768,0.0036630332,0.0023179793234973,0.0,99.99999808382488,0.0,0.0049222400108871
1718.5,158,1,61,0,-60,-0.74270856,-0.37056452,0.0023179793234973,0.0,99.99999808382488,0.0,0.0049222400108871
1719.0,158,1,61,0,-60,-0.74270856,-0.37056452,0.0023179793234973,0.0,99.99999808382488,0.0,0.0049222400108871
1719.5,158,1,61,0,-60,-0.74270856,-0.37056452,0.0023179793234973,0.0,99.99999808382488,0.0,0.0049222400108871
1720.0,158,1,61,0,-60,-0.74270856,-0.37056452,0.0023179793234973,0.0,99.99999808382488,0.0,0.0049222400108871
1720.5,158,1,61,0,-60,-0.74270856,-0.37056452,0.0023179793234973,0.0,99.99999808382488,0.0,0.0049222400108871
1721.0,158,1,61,0,-60,-0.74270856,-0.37056452,0.0023179793234973,0.0,99.99999808382488,0.0,0.0049222400108871
1721.5,159,1,62,0,-61,0.3842346,-0.3246104,0.0023179793234973,0.0,99.99999808382488,0.0,0.0049222400108871
1722.0,159,1,62,0,-61,0.3842346,-0.3246104,0.0023179793234973,0.0,99.99999808382488,0.0,0.0049222400108871
1722.5,159,1,62,0,-61,0.3842346,-0.3246104,0.0023179793234973,0.0,99.99999808382488,0.0,0.0049222400108871
1723.0,159,1,62,0,-61,0.3842346,-0.3246104,0.0023179793234973,0.0,99.99999808382488,0.0,0.0049222400108871
1723.5,160,1,62,0,-61,0.4272716,-0.44368577,0.0023179793234973,0.0,99.99999808382488,0.0,0.0049222400108871
1724.0,161,1,62,0,-61,-0.253459,-0.7979041,0.0023179793234973,0.0,99.99999808382488,0.0,0.0049222400108871
1724.5,160,1,62,0,-61,-0.58259666,-0.8234404,0.0023179793234973,0.0,99.99999808382488,0.0,0.0049222400108871
1725.0,158,1,60,0,-59,-0.35343584,-1.0482455,0.0023179793234973,0.0,99.99999808382488,0.0,0.0049222400108871
1725.5,158,1,60,0,-59,-0.35343584,-1.0482455,0.0023179793234973,0.0,99.99999808382488,0.0,0.0049222400108871
1726.0,159,1,60,0,-59,-0.4150428,-0.75575596,0.0023179793234973,0.0,99.99999808382488,0.0,0.0049222400108871
1726.5,159,1,60,0,-59,-0.4150428,-0.75575596,0.0023179793234973,0.0,99.99999808382488,0.0,0.0049222400108871
1727.0,158,1,59,0,-58,-0.5444664,-0.9335105,0.0023179793234973,0.0,99.99999808382488,0.0,0.0049222400108871
1727.5,159,1,60,0,-59,-0.40973654,-0.38959444,0.0023179793234973,0.0,99.99999808382488,0.0,0.0049222400108871
1728.0,159,1,60,0,-59,-0.40973654,-0.38959444,0.0023179793234973,0.0,99.99999808382488,0.0,0.0049222400108871
1728.5,159,1,60,0,-59,-0.40973654,-0.38959444,0.0023179793234973,0.0,99.99999808382488,0.0,0.0049222400108871
1729.0,160,1,61,0,-60,-0.55214345,-0.87871665,0.0023179793234973,0.0,99.99999808382488,0.0,0.0049222400108871
1729.5,160,1,61,0,-60,-0.55214345,-0.87871665,0.0023179793234973,0.0,99.99999808382488,0.0,0.0049222400108871
1730.0,161,1,62,0,-61,-0.3163326,0.7389019,0.0023179793234973,0.0,99.99999808382488,0.0,0.0049222400108871
1730.5,161,1,62,0,-61,-0.3163326,0.7389019,0.0023179793234973,0.0,99.99999808382488,0.0,0.0049222400108871
1731.0,161,1,62,0,-61,-0.3163326,0.7389019,0.0023179793234973,0.0,99.99999808382488,0.0,0.0049222400108871
1731.5,161,1,62,0,-61,-0.3163326,0.7389019,0.0023179793234973,0.0,99.99999808382488,0.0,0.0049222400108871
1732.0,161,1,62,0,-61,-0.3163326,0.7389019,0.0023179793234973,0.0,99.99999808382488,0.0,0.0049222400108871
1732.5,162,1,62,0,-61,-0.5095748,-0.8879127,0.0023179793234973,0.0,99.99999808382488,0.0,0.0049222400108871
1733.0,162,1,62,0,-61,-0.5095748,-0.8879127,0.0023179793234973,0.0,99.99999808382488,0.0,0.0049222400108871
1733.5,162,1,62,0,-61,-0.5095748,-0.8879127,0.0023179793234973,0.0,99.99999808382488,0.0,0.0049222400108871
1734.0,162,1,62,0,-61,-0.5095748,-0.8879127,0.0023179793234973,0.0,99.99999808382488,0.0,0.0049222400108871
1734.5,162,1,62,0,-61,-0.5095748,-0.8879127,0.0023179793234973,0.0,99.99999808382488,0.0,0.0049222400108871
1735.0,161,1,63,0,-62,0.28952008,-1.1503743,0.0023179793234973,0.0,99.99999808382488,0.0,0.0049222400108871
1735.5,161,1,63,0,-62,0.28952008,-1.1503743,0.0023179793234973,0.0,99.99999808382488,0.0,0.0049222400108871
1736.0,161,1,64,0,-63,-0.8208246,0.06325461,0.0023179793234973,0.0,99.99999808382488,0.0,0.0049222400108871
1736.5,161,1,64,0,-63,-0.8208246,0.06325461,0.0023179793234973,0.0,99.99999808382488,0.0,0.0049222400108871
1737.0,161,1,64,0,-63,-0.8208246,0.06325461,0.0023179793234973,0.0,99.99999808382488,0.0,0.0049222400108871
1737.5,162,1,65,0,-64,-0.7317096,0.32430568,0.0023179793234973,0.0,99.99999808382488,0.0,0.0049222400108871
1738.0,163,1,65,0,-64,-0.9732964,-0.067983314,0.0023179793234973,0.0,99.99999808382488,0.0,0.0049222400108871
1738.5,164,1,66,0,-65,-0.37834182,-0.6549329,0.0023179793234973,0.0,99.99999808382488,0.0,0.0049222400108871
1739.0,164,1,66,0,-65,-0.37834182,-0.6549329,0.0023179793234973,0.0,99.99999808382488,0.0,0.0049222400108871
1739.5,164,1,66,0,-65,-0.37834182,-0.6549329,0.0023179793234973,0.0,99.99999808382488,0.0,0.0049222400108871
1740.0,164,1,66,0,-65,-0.37834182,-0.6549329,0.0023179793234973,0.0,99.99999808382488,0.0,0.0049222400108871
1740.5,163,1,65,0,-64,0.6207334,-0.90741426,0.0023179793234973,0.0,99.99999808382488,0.0,0.0049222400108871
1741.0,162,1,64,0,-63,-0.964666,-0.27493083,0.0023179793234973,0.0,99.99999808382488,0.0,0.0049222400108871
1741.5,162,1,64,0,-63,-0.50339067,0.1310394,0.0023179793234973,0.0,99.99999808382488,0.0,0.0049222400108871
1742.0,162,1,64,0,-63,-0.50339067,0.1310394,0.0023179793234973,0.0,99.99999808382488,0.0,0.0049222400108871
1742.5,162,1,64,0,-63,-0.50339067,0.1310394,0.0023179793234973,0.0,99.99999808382488,0.0,0.0049222400108871
1743.0,162,1,64,0,-63,-0.50339067,0.1310394,0.0023179793234973,0.0,99.99999808382488,0.0,0.0049222400108871
1743.5,161,1,64,0,-63,0.17644417,-0.071043715,0.0023179793234973,0.0,99.99999808382488,0.0,0.0049222400108871
1744.0,161,1,64,0,-63,-0.069946796,-0.13152395,0.0023179793234973,0.0,99.99999808382488,0.0,0.0049222400108871
1744.5,162,1,65,0,-64,-0.24560872,0.73609304,0.0023179793234973,0.0,99.99999808382488,0.0,0.0049222400108871
1745.0,163,1,66,0,-65,2.9295683e-05,0.31789112,0.0023179793234973,0.0,99.99999808382488,0.0,0.0049222400108871
1745.5,163,1,66,0,-65,2.9295683e-05,0.31789112,0.0023179793234973,0.0,99.99999808382488,0.0,0.0049222400108871
1746.0,164,1,67,0,-66,-0.01988843,-0.22669162,0.0023179793234973,0.0,99.99999808382488,0.0,0.0049222400108871
1746.5,164,1,67,0,-66,0.1580233,-0.5771372,0.0023179793234973,0.0,99.99999808382488,0.0,0.0049222400108871
1747.0,164,1,67,0,-66,0.1580233,-0.5771372,0.0023179793234973,0.0,99.99999808382488,0.0,0.0049222400108871
1747.5,163,1,66,0,-65,-0.25516883,-0.10051675,0.0023179793234973,0.0,99.99999808382488,0.0,0.0049222400108871
1748.0,164,1,67,0,-66,-0.13486269,-0.39635557,0.0023179793234973,0.0,99.99999808382488,0.0,0.0049222400108871
1748.5,164,1,66,0,-65,-0.555578,-0.16219442,0.0023179793234973,0.0,99.99999808382488,0.0,0.0049222400108871
1749.0,165,1,67,0,-66,-0.06612554,0.53658116,0.0023179793234973,0.0,99.99999808382488,0.0,0.0049222400108871
1749.5,163,1,65,0,-64,0.08057347,0.19568734,0.0023179793234973,0.0,99.99999808382488,0.0,0.0049222400108871
1750.0,162,1,64,0,-63,-0.5863074,-0.26478148,0.0023179793234973,0.0,99.99999808382488,0.0,0.0049222400108871
1750.5,162,1,64,0,-63,-0.23233303,0.5345813,0.0023179793234973,0.0,99.99999808382488,0.0,0.0049222400108871
1751.0,160,1,63,0,-62,-0.35149905,-0.7602666,0.0023179793234973,0.0,99.99999808382488,0.0,0.0049222400108871
1751.5,161,1,64,0,-63,-0.767589,-0.17941652,0.0023179793234973,0.0,99.99999808382488,0.0,0.0049222400108871
1752.0,163,1,66,0,-65,-0.16389021,-0.43232328,0.0023179793234973,0.0,99.99999808382488,0.0,0.0049222400108871
1752.5,162,1,65,0,-64,0.6879359,-0.65034956,0.0023179793234973,0.0,99.99999808382488,0.0,0.0049222400108871
1753.0,161,1,64,0,-63,0.6248261,-0.79987496,0.0023179793234973,0.0,99.99999808382488,0.0,0.0049222400108871
1753.5,162,1,64,0,-63,0.6426351,-0.20383655,0.0023179793234973,0.0,99.99999808382488,0.0,0.0049222400108871
1754.0,163,1,65,0,-64,-0.11374146,-0.56236595,0.0023179793234973,0.0,99.99999808382488,0.0,0.0049222400108871
1754.5,164,1,66,0,-65,0.6365912,-0.19118671,0.0023179793234973,0.0,99.99999808382488,0.0,0.0049222400108871
1755.0,164,1,66,0,-65,0.6365912,-0.19118671,0.0023179793234973,0.0,99.99999808382488,0.0,0.0049222400108871
1755.5,164,1,66,0,-65,0.6365912,-0.19118671,0.0023179793234973,0.0,99.99999808382488,0.0,0.0049222400108871
1756.0,164,1,66,0,-65,0.6365912,-0.19118671,0.0023179793234973,0.0,99.99999808382488,0.0,0.0049222400108871
1756.5,165,1,67,0,-66,-0.36109987,-0.11099748,0.0023179793234973,0.0,99.99999808382488,0.0,0.0049222400108871
1757.0,165,1,67,0,-66,-0.36109987,-0.11099748,0.0023179793234973,0.0,99.99999808382488,0.0,0.0049222400108871
1757.5,165,1,67,0,-66,-0.36109987,-0.11099748,0.0023179793234973,0.0,99.99999808382488,0.0,0.0049222400108871
1758.0,164,1,66,0,-65,-0.2373476,-0.093043044,0.0023179793234973,0.0,99.99999808382488,0.0,0.0049222400108871
1758.5,164,1,66,0,-65,-0.2373476,-0.093043044,0.0023179793234973,0.0,99.99999808382488,0.0,0.0049222400108871
1759.0,163,1,64,0,-63,0.63523376,0.31386155,0.0023179793234973,0.0,99.99999808382488,0.0,0.0049222400108871
1759.5,163,1,64,0,-63,0.63523376,0.31386155,0.0023179793234973,0.0,99.99999808382488,0.0,0.0049222400108871
1760.0,162,1,63,0,-62,0.47099033,0.23207816,0.0023179793234973,0.0,99.99999808382488,0.0,0.0049222400108871
1760.5,162,1,63,0,-62,0.47099033,0.23207816,0.0023179793234973,0.0,99.99999808382488,0.0,0.0049222400108871
1761.0,163,1,62,0,-61,0.54205763,-0.5047355,0.0023179793234973,0.0,99.99999808382488,0.0,0.0049222400108871
1761.5,163,1,62,0,-61,0.54205763,-0.5047355,0.0023179793234973,0.0,99.99999808382488,0.0,0.0049222400108871
1762.0,163,1,62,0,-61,0.54205763,-0.5047355,0.0023179793234973,0.0,99.99999808382488,0.0,0.0049222400108871
1762.5,162,1,61,0,-60,-0.36254123,0.4127605,0.0023179793234973,0.0,99.99999808382488,0.0,0.0049222400108871
1763.0,161,1,61,0,-60,-0.57597804,-0.46100658,0.0023179793234973,0.0,99.99999808382488,0.0,0.0049222400108871
1763.5,162,1,62,0,-61,0.21718639,0.20404273,0.0023179793234973,0.0,99.99999808382488,0.0,0.0049222400108871
1764.0,162,1,62,0,-61,0.21718639,0.20404273,0.0023179793234973,0.0,99.99999808382488,0.0,0.0049222400108871
1764.5,162,1,62,0,-61,0.21718639,0.20404273,0.0023179793234973,0.0,99.99999808382488,0.0,0.0049222400108871
1765.0,162,1,62,0,-61,0.6337781,-0.79050213,0.0023179793234973,0.0,99.99999808382488,0.0,0.0049222400108871
1765.5,164,1,63,0,-62,0.59990937,-0.3568638,0.0023179793234973,0.0,99.99999808382488,0.0,0.0049222400108871
1766.0,164,1,62,0,-61,0.6768247,-1.0827353,0.0023179793234973,0.0,99.99999808382488,0.0,0.0049222400108871
1766.5,166,1,64,0,-63,-0.5370891,-0.8488751,0.0023179793234973,0.0,99.99999808382488,0.0,0.0049222400108871
1767.0,164,1,63,0,-62,0.65486526,-0.9953601,0.0023179793234973,0.0,99.99999808382488,0.0,0.0049222400108871
1767.5,164,1,63,0,-62,0.65486526,-0.9953601,0.0023179793234973,0.0,99.99999808382488,0.0,0.0049222400108871
1768.0,163,1,63,0,-62,0.32246476,-0.7260466,0.0023179793234973,0.0,99.99999808382488,0.0,0.0049222400108871
1768.5,162,1,63,0,-62,-1.010925,-0.084787175,0.0023179793234973,0.0,99.99999808382488,0.0,0.0049222400108871
1769.0,162,1,62,0,-61,-0.4895979,-0.051764354,0.0023179793234973,0.0,99.99999808382488,0.0,0.0049222400108871
1769.5,162,1,62,0,-61,-0.4895979,-0.051764354,0.0023179793234973,0.0,99.99999808382488,0.0,0.0049222400108871
1770.0,163,1,63,0,-62,-0.48322526,-0.29457742,0.0023179793234973,0.0,99.99999808382488,0.0,0.0049222400108871
1770.5,164,1,63,0,-62,-0.65290236,0.19429815,0.0023179793234973,0.0,99.99999808382488,0.0,0.0049222400108871
1771.0,162,1,62,0,-61,-0.17757282,-0.37196892,0.0023179793234973,0.0,99.99999808382488,0.0,0.0049222400108871
1771.5,162,1,62,0,-61,-0.17757282,-0.37196892,0.0023179793234973,0.0,99.99999808382488,0.0,0.0049222400108871
1772.0,163,1,63,0,-62,-0.73181665,-0.48892528,0.0023179793234973,0.0,99.99999808382488,0.0,0.0049222400108871
1772.5,163,1,63,0,-62,-0.73181665,-0.48892528,0.0023179793234973,0.0,99.99999808382488,0.0,0.0049222400108871
1773.0,163,1,63,0,-62,-0.73181665,-0.48892528,0.0023179793234973,0.0,99.99999808382488,0.0,0.0049222400108871
1773.5,163,1,65,0,-64,-0.44466093,-0.6982959,0.0023179793234973,0.0,99.99999808382488,0.0,0.0049222400108871
1774.0,162,1,65,0,-64,-0.44466093,-0.6982959,0.0023179793234973,0.0,99.99999808382488,0.0,0.0049222400108871
1774.5,161,1,64,0,-63,-0.031854495,-0.58567363,0.0023179793234973,0.0,99.99999808382488,0.0,0.0049222400108871
1775.0,161,1,64,0,-63,-0.031854495,-0.58567363,0.0023179793234973,0.0,99.99999808382488,0.0,0.0049222400108871
1775.5,162,1,64,0,-63,0.79762983,-1.1707315,0.0023179793234973,0.0,99.99999808382488,0.0,0.0049222400108871
1776.0,163,1,64,0,-63,0.4298324,-0.8991292,0.0023179793234973,0.0,99.99999808382488,0.0,0.0049222400108871
1776.5,162,1,64,0,-63,0.1312413,-0.3165536,0.0023179793234973,0.0,99.99999808382488,0.0,0.0049222400108871
1777.0,162,1,64,0,-63,0.1312413,-0.3165536,0.0023179793234973,0.0,99.99999808382488,0.0,0.0049222400108871
1777.5,161,1,63,0,-62,-0.11666745,0.12228659,0.0023179793234973,0.0,99.99999808382488,0.0,0.0049222400108871
1778.0,161,1,63,0,-62,-0.11666745,0.12228659,0.0023179793234973,0.0,99.99999808382488,0.0,0.0049222400108871
1778.5,162,1,64,0,-63,-0.07531685,-0.3005044,0.0023179793234973,0.0,99.99999808382488,0.0,0.0049222400108871
1779.0,162,1,64,0,-63,-0.07531685,-0.3005044,0.0023179793234973,0.0,99.99999808382488,0.0,0.0049222400108871
1779.5,163,1,65,0,-64,-0.38164386,-0.7934261,0.0023179793234973,0.0,99.99999808382488,0.0,0.0049222400108871
1780.0,162,1,64,0,-63,-0.5249294,-0.5802378,0.0023179793234973,0.0,99.99999808382488,0.0,0.0049222400108871
1780.5,161,1,63,0,-62,0.28686726,-0.57853097,0.0023179793234973,0.0,99.99999808382488,0.0,0.0049222400108871
1781.0,162,1,63,0,-62,0.0916197,-0.28886038,0.0023179793234973,0.0,99.99999808382488,0.0,0.0049222400108871
1781.5,160,1,62,0,-61,0.7191806,-0.01088877,0.0023179793234973,0.0,99.99999808382488,0.0,0.0049222400108871
1782.0,160,1,62,0,-61,0.7191806,-0.01088877,0.0023179793234973,0.0,99.99999808382488,0.0,0.0049222400108871
1782.5,161,1,63,0,-62,0.3673517,-0.883351,0.0023179793234973,0.0,99.99999808382488,0.0,0.0049222400108871
1783.0,161,1,63,0,-62,0.14272821,-0.34134024,0.0023179793234973,0.0,99.99999808382488,0.0,0.0049222400108871
1783.5,161,1,63,0,-62,0.14272821,-0.34134024,0.0023179793234973,0.0,99.99999808382488,0.0,0.0049222400108871
1784.0,158,1,61,0,-60,-0.19014096,0.9785648,0.0023179793234973,0.0,99.99999808382488,0.0,0.0049222400108871
1784.5,158,1,61,0,-60,-0.19014096,0.9785648,0.0023179793234973,0.0,99.99999808382488,0.0,0.0049222400108871
1785.0,158,1,61,0,-60,-0.19014096,0.9785648,0.0023179793234973,0.0,99.99999808382488,0.0,0.0049222400108871
1785.5,160,1,61,0,-60,0.32944703,-0.334912,0.0023179793234973,0.0,99.99999808382488,0.0,0.0049222400108871
1786.0,160,1,61,0,-60,0.32944703,-0.334912,0.0023179793234973,0.0,99.99999808382488,0.0,0.0049222400108871
1786.5,161,1,62,0,-61,-0.17811304,-0.44286335,0.0023179793234973,0.0,99.99999808382488,0.0,0.0049222400108871
1787.0,161,1,62,0,-61,-0.17811304,-0.44286335,0.0023179793234973,0.0,99.99999808382488,0.0,0.0049222400108871
1787.5,162,1,63,0,-62,0.110206336,0.3710975,0.0023179793234973,0.0,99.99999808382488,0.0,0.0049222400108871
1788.0,160,1,62,0,-61,-0.23168314,0.10196972,0.0023179793234973,0.0,99.99999808382488,0.0,0.0049222400108871
1788.5,160,1,62,0,-61,-0.23168314,0.10196972,0.0023179793234973,0.0,99.99999808382488,0.0,0.0049222400108871
1789.0,161,1,62,0,-61,0.23070884,-1.0502087,0.0023179793234973,0.0,99.99999808382488,0.0,0.0049222400108871
1789.5,161,1,62,0,-61,0.23070884,-1.0502087,0.0023179793234973,0.0,99.99999808382488,0.0,0.0049222400108871
1790.0,158,1,62,0,-61,0.3231619,-1.2175285,0.0023179793234973,0.0,99.99999808382488,0.0,0.0049222400108871
1790.5,156,1,61,0,-60,0.71327925,0.32083875,0.0023179793234973,0.0,99.99999808382488,0.0,0.0049222400108871
1791.0,156,1,61,0,-60,0.2530001,-0.45449454,0.0023179793234973,0.0,99.99999808382488,0.0,0.0049222400108871
1791.5,156,1,61,0,-60,0.2530001,-0.45449454,0.0023179793234973,0.0,99.99999808382488,0.0,0.0049222400108871
1792.0,156,1,61,0,-60,0.2530001,-0.45449454,0.0023179793234973,0.0,99.99999808382488,0.0,0.0049222400108871
1792.5,158,1,63,0,-62,-0.20468575,0.0534824,0.0023179793234973,0.0,99.99999808382488,0.0,0.0049222400108871
1793.0,160,1,63,0,-62,-0.3331705,-0.5948635,0.0023179793234973,0.0,99.99999808382488,0.0,0.0049222400108871
1793.5,160,1,63,0,-62,-0.9742658,0.35222286,0.0023179793234973,0.0,99.99999808382488,0.0,0.0049222400108871
1794.0,159,1,62,0,-61,-0.8625436,-0.38113236,0.0023179793234973,0.0,99.99999808382488,0.0,0.0049222400108871
1794.5,160,1,63,0,-62,-0.965796,0.14987278,0.0023179793234973,0.0,99.99999808382488,0.0,0.0049222400108871
1795.0,162,1,62,0,-61,-0.69732857,-0.32545143,0.0023179793234973,0.0,99.99999808382488,0.0,0.0049222400108871
1795.5,162,1,62,0,-61,-0.69732857,-0.32545143,0.0023179793234973,0.0,99.99999808382488,0.0,0.0049222400108871
1796.0,161,1,61,0,-60,-1.0976231,-0.10998534,0.0023179793234973,0.0,99.99999808382488,0.0,0.0049222400108871
1796.5,162,1,60,0,-59,-0.9428551,-0.5901421,0.0023179793234973,0.0,99.99999808382488,0.0,0.0049222400108871
1797.0,162,1,60,0,-59,-0.9428551,-0.5901421,0.0023179793234973,0.0,99.99999808382488,0.0,0.0049222400108871
1797.5,161,1,61,0,-60,0.112480834,-1.0646455,0.0023179793234973,0.0,99.99999808382488,0.0,0.0049222400108871
1798.0,161,1,61,0,-60,0.112480834,-1.0646455,0.0023179793234973,0.0,99.99999808382488,0.0,0.0049222400108871
1798.5,161,1,61,0,-60,0.112480834,-1.0646455,0.0023179793234973,0.0,99.99999808382488,0.0,0.0049222400108871
1799.0,161,1,61,0,-60,0.112480834,-1.0646455,0.0023179793234973,0.0,99.99999808382488,0.0,0.0049222400108871
1799.5,161,1,61,0,-60,0.72382927,-0.6163507,0.0023179793234973,0.0,99.99999808382488,0.0,0.0049222400108871
1800.0,158,1,61,0,-60,0.41392908,0.7241847,0.0023179793234973,0.0,99.99999808382488,0.0,0.0049222400108871
1800.5,158,1,61,0,-60,0.41392908,0.7241847,0.0023179793234973,0.0,99.99999808382488,0.0,0.0049222400108871
1801.0,157,1,62,0,-61,-0.4293795,-0.12119345,0.0023179793234973,0.0,99.99999808382488,0.0,0.0049222400108871
1801.5,156,1,61,0,-60,0.1565662,-0.07826348,0.0023179793234973,0.0,99.99999808382488,0.0,0.0049222400108871
1802.0,156,1,61,0,-60,-0.36102334,0.046971813,0.0023179793234973,0.0,99.99999808382488,0.0,0.0049222400108871
1802.5,156,1,61,0,-60,-0.36102334,0.046971813,0.0023179793234973,0.0,99.99999808382488,0.0,0.0049222400108871
1803.0,157,1,61,0,-60,0.37642813,-1.2615665,0.0023179793234973,0.0,99.99999808382488,0.0,0.0049222400108871
1803.5,158,1,61,0,-60,-0.31849548,0.39079225,0.0023179793234973,0.0,99.99999808382488,0.0,0.0049222400108871
1804.0,158,1,61,0,-60,-0.31849548,0.39079225,0.0023179793234973,0.0,99.99999808382488,0.0,0.0049222400108871
1804.5,158,1,61,0,-60,-0.31849548,0.39079225,0.0023179793234973,0.0,99.99999808382488,0.0,0.0049222400108871
1805.0,157,1,61,0,-60,0.045232147,-0.20845853,0.0023179793234973,0.0,99.99999808382488,0.0,0.0049222400108871
1805.5,157,1,61,0,-60,0.045232147,-0.20845853,0.0023179793234973,0.0,99.99999808382488,0.0,0.0049222400108871
1806.0,157,1,61,0,-60,0.045232147,-0.20845853,0.0023179793234973,0.0,99.99999808382488,0.0,0.0049222400108871
1806.5,158,1,62,0,-61,-0.25121817,-0.2911688,0.0023179793234973,0.0,99.99999808382488,0.0,0.0049222400108871
1807.0,160,1,63,0,-62,0.059050515,0.42155018,0.0023179793234973,0.0,99.99999808382488,0.0,0.0049222400108871
1807.5,159,1,63,0,-62,-0.278307,0.35638902,0.0023179793234973,0.0,99.99999808382488,0.0,0.0049222400108871
1808.0,159,1,63,0,-62,-0.278307,0.35638902,0.0023179793234973,0.0,99.99999808382488,0.0,0.0049222400108871
1808.5,158,1,63,0,-62,-0.058481485,0.29536337,0.0023179793234973,0.0,99.99999808382488,0.0,0.0049222400108871
1809.0,158,1,63,0,-62,-0.058481485,0.29536337,0.0023179793234973,0.0,99.99999808382488,0.0,0.0049222400108871
1809.5,157,1,62,0,-61,-0.7290654,0.41919258,0.0023179793234973,0.0,99.99999808382488,0.0,0.0049222400108871
1810.0,156,1,61,0,-60,-0.5976224,-0.050894454,0.0023179793234973,0.0,99.99999808382488,0.0,0.0049222400108871
1810.5,154,1,59,0,-58,0.20447144,-0.23357989,0.0023179793234973,0.0,99.99999808382488,0.0,0.0049222400108871
1811.0,154,1,60,0,-59,1.0946723,0.3733632,0.0023179793234973,0.0,99.99999808382488,0.0,0.0049222400108871
1811.5,154,1,60,0,-59,1.0946723,0.3733632,0.0023179793234973,0.0,99.99999808382488,0.0,0.0049222400108871
1812.0,153,1,59,0,-58,-0.1441131,0.64796436,0.0023179793234973,0.0,99.99999808382488,0.0,0.0049222400108871
1812.5,154,1,60,0,-59,-1.0888457,0.48894948,0.0023179793234973,0.0,99.99999808382488,0.0,0.0049222400108871
1813.0,154,1,60,0,-59,-1.0888457,0.48894948,0.0023179793234973,0.0,99.99999808382488,0.0,0.0049222400108871
1813.5,154,1,60,0,-59,-1.0888457,0.48894948,0.0023179793234973,0.0,99.99999808382488,0.0,0.0049222400108871
1814.0,154,1,60,0,-59,-1.0888457,0.48894948,0.0023179793234973,0.0,99.99999808382488,0.0,0.0049222400108871
1814.5,154,1,60,0,-59,-1.0888457,0.48894948,0.0023179793234973,0.0,99.99999808382488,0.0,0.0049222400108871
1815.0,154,1,60,0,-59,-1.0888457,0.48894948,0.0023179793234973,0.0,99.99999808382488,0.0,0.0049222400108871
1815.5,153,1,60,0,-59,-0.35978827,0.2122224,0.0023179793234973,0.0,99.99999808382488,0.0,0.0049222400108871
1816.0,153,1,60,0,-59,-0.35978827,0.2122224,0.0023179793234973,0.0,99.99999808382488,0.0,0.0049222400108871
1816.5,153,1,60,0,-59,-0.35978827,0.2122224,0.0023179793234973,0.0,99.99999808382488,0.0,0.0049222400108871
1817.0,157,1,63,0,-62,0.67013973,0.8614035,0.0023179793234973,0.0,99.99999808382488,0.0,0.0049222400108871
1817.5,157,1,63,0,-62,0.67013973,0.8614035,0.0023179793234973,0.0,99.99999808382488,0.0,0.0049222400108871
1818.0,156,1,62,0,-61,0.65104645,-0.50165516,0.0023179793234973,0.0,99.99999808382488,0.0,0.0049222400108871
1818.5,155,1,62,0,-61,0.89893925,-0.36125702,0.0023179793234973,0.0,99.99999808382488,0.0,0.0049222400108871
1819.0,154,1,61,0,-60,0.2837578,0.43523622,0.0023179793234973,0.0,99.99999808382488,0.0,0.0049222400108871
1819.5,154,1,61,0,-60,0.2837578,0.43523622,0.0023179793234973,0.0,99.99999808382488,0.0,0.0049222400108871
1820.0,156,1,61,0,-60,-0.78472495,0.27611825,0.0023179793234973,0.0,99.99999808382488,0.0,0.0049222400108871
1820.5,156,1,61,0,-60,-0.78472495,0.27611825,0.0023179793234973,0.0,99.99999808382488,0.0,0.0049222400108871
1821.0,156,1,61,0,-60,-0.40347227,-0.5537771,0.0023179793234973,0.0,99.99999808382488,0.0,0.0049222400108871
1821.5,155,1,60,0,-59,-0.3471035,-0.5946798,0.0023179793234973,0.0,99.99999808382488,0.0,0.0049222400108871
1822.0,155,1,60,0,-59,-0.3471035,-0.5946798,0.0023179793234973,0.0,99.99999808382488,0.0,0.0049222400108871
1822.5,155,1,60,0,-59,-0.3471035,-0.5946798,0.0023179793234973,0.0,99.99999808382488,0.0,0.0049222400108871
1823.0,155,1,60,0,-59,-0.3471035,-0.5946798,0.0023179793234973,0.0,99.99999808382488,0.0,0.0049222400108871
1823.5,155,1,60,0,-59,-0.3471035,-0.5946798,0.0023179793234973,0.0,99.99999808382488,0.0,0.0049222400108871
1824.0,155,1,60,0,-59,-0.3471035,-0.5946798,0.0023179793234973,0.0,99.99999808382488,0.0,0.0049222400108871
1824.5,158,1,62,0,-61,-0.16554171,0.023765877,0.0023179793234973,0.0,99.99999808382488,0.0,0.0049222400108871
1825.0,158,1,62,0,-61,-0.16554171,0.023765877,0.0023179793234973,0.0,99.99999808382488,0.0,0.0049222400108871
1825.5,158,1,62,0,-61,-0.16554171,0.023765877,0.0023179793234973,0.0,99.99999808382488,0.0,0.0049222400108871
1826.0,159,1,63,0,-62,0.42595792,-0.5348597,0.0023179793234973,0.0,99.99999808382488,0.0,0.0049222400108871
1826.5,159,1,63,0,-62,0.42595792,-0.5348597,0.0023179793234973,0.0,99.99999808382488,0.0,0.0049222400108871
1827.0,159,1,63,0,-62,0.42595792,-0.5348597,0.0023179793234973,0.0,99.99999808382488,0.0,0.0049222400108871
1827.5,159,1,63,0,-62,0.42595792,-0.5348597,0.0023179793234973,0.0,99.99999808382488,0.0,0.0049222400108871
1828.0,158,1,62,0,-61,0.27735335,-0.3384912,0.0023179793234973,0.0,99.99999808382488,0.0,0.0049222400108871
1828.5,156,1,60,0,-59,0.14882639,-0.20916252,0.0023179793234973,0.0,99.99999808382488,0.0,0.0049222400108871
1829.0,156,1,60,0,-59,0.14882639,-0.20916252,0.0023179793234973,0.0,99.99999808382488,0.0,0.0049222400108871
1829.5,157,1,61,0,-60,-0.30615917,-0.8648128,0.0023179793234973,0.0,99.99999808382488,0.0,0.0049222400108871
1830.0,158,1,62,0,-61,-0.12082225,-0.14848025,0.0023179793234973,0.0,99.99999808382488,0.0,0.0049222400108871
1830.5,158,1,62,0,-61,-0.12082225,-0.14848025,0.0023179793234973,0.0,99.99999808382488,0.0,0.0049222400108871
1831.0,158,1,62,0,-61,-0.12082225,-0.14848025,0.0023179793234973,0.0,99.99999808382488,0.0,0.0049222400108871
1831.5,158,1,62,0,-61,-0.12082225,-0.14848025,0.0023179793234973,0.0,99.99999808382488,0.0,0.0049222400108871
1832.0,160,1,63,0,-62,0.39445177,-0.8187329,0.0023179793234973,0.0,99.99999808382488,0.0,0.0049222400108871
1832.5,160,1,63,0,-62,0.39445177,-0.8187329,0.0023179793234973,0.0,99.99999808382488,0.0,0.0049222400108871
1833.0,160,1,63,0,-62,0.39445177,-0.8187329,0.0023179793234973,0.0,99.99999808382488,0.0,0.0049222400108871
1833.5,158,1,61,0,-60,-0.19815284,-0.20033734,0.0023179793234973,0.0,99.99999808382488,0.0,0.0049222400108871
1834.0,159,1,62,0,-61,-0.3722575,0.012310863,0.0023179793234973,0.0,99.99999808382488,0.0,0.0049222400108871
1834.5,160,1,63,0,-62,0.16969873,-0.30004925,0.0023179793234973,0.0,99.99999808382488,0.0,0.0049222400108871
1835.0,160,1,63,0,-62,0.16969873,-0.30004925,0.0023179793234973,0.0,99.99999808382488,0.0,0.0049222400108871
1835.5,161,1,63,0,-62,-0.36008522,0.1728449,0.0023179793234973,0.0,99.99999808382488,0.0,0.0049222400108871
1836.0,162,1,64,0,-63,-0.29611304,-0.19330703,0.0023179793234973,0.0,99.99999808382488,0.0,0.0049222400108871
1836.5,162,1,64,0,-63,-0.29611304,-0.19330703,0.0023179793234973,0.0,99.99999808382488,0.0,0.0049222400108871
1837.0,161,1,63,0,-62,-0.5353097,0.109053254,0.0023179793234973,0.0,99.99999808382488,0.0,0.0049222400108871
1837.5,161,1,64,0,-63,-0.12541899,-0.48016816,0.0023179793234973,0.0,99.99999808382488,0.0,0.0049222400108871
1838.0,161,1,64,0,-63,-0.12541899,-0.48016816,0.0023179793234973,0.0,99.99999808382488,0.0,0.0049222400108871
1838.5,161,1,64,0,-63,-0.12541899,-0.48016816,0.0023179793234973,0.0,99.99999808382488,0.0,0.0049222400108871
1839.0,159,1,63,0,-62,0.07379529,0.24355744,0.0023179793234973,0.0,99.99999808382488,0.0,0.0049222400108871
1839.5,159,1,63,0,-62,0.07379529,0.24355744,0.0023179793234973,0.0,99.99999808382488,0.0,0.0049222400108871
1840.0,157,1,63,0,-62,-0.38382962,0.20593008,0.0023179793234973,0.0,99.99999808382488,0.0,0.0049222400108871
1840.5,156,1,62,0,-61,-0.16779858,-0.8274483,0.0023179793234973,0.0,99.99999808382488,0.0,0.0049222400108871
1841.0,156,1,62,0,-61,-0.16779858,-0.8274483,0.0023179793234973,0.0,99.99999808382488,0.0,0.0049222400108871
1841.5,156,1,62,0,-61,-0.16779858,-0.8274483,0.0023179793234973,0.0,99.99999808382488,0.0,0.0049222400108871
1842.0,156,1,62,0,-61,-0.16779858,-0.8274483,0.0023179793234973,0.0,99.99999808382488,0.0,0.0049222400108871
1842.5,157,1,63,0,-62,-0.13179842,0.14327785,0.0023179793234973,0.0,99.99999808382488,0.0,0.0049222400108871
1843.0,159,1,64,0,-63,-0.120539635,0.16212682,0.0023179793234973,0.0,99.99999808382488,0.0,0.0049222400108871
1843.5,158,1,63,0,-62,-0.02285643,0.17818834,0.0023179793234973,0.0,99.99999808382488,0.0,0.0049222400108871
1844.0,159,1,64,0,-63,0.06333628,-0.23419,0.0023179793234973,0.0,99.99999808382488,0.0,0.0049222400108871
1844.5,158,1,63,0,-62,-0.33259204,0.04742433,0.0023179793234973,0.0,99.99999808382488,0.0,0.0049222400108871
1845.0,157,1,63,0,-62,-0.45332703,-0.033353314,0.0023179793234973,0.0,99.99999808382488,0.0,0.0049222400108871
1845.5,155,1,61,0,-60,-0.06417093,-0.08565836,0.0023179793234973,0.0,99.99999808382488,0.0,0.0049222400108871
1846.0,155,1,61,0,-60,-0.06417093,-0.08565836,0.0023179793234973,0.0,99.99999808382488,0.0,0.0049222400108871
1846.5,156,1,62,0,-61,0.1626434,0.009006962,0.0023179793234973,0.0,99.99999808382488,0.0,0.0049222400108871
1847.0,157,1,62,0,-61,-0.4356356,0.1949965,0.0023179793234973,0.0,99.99999808382488,0.0,0.0049222400108871
1847.5,157,1,62,0,-61,-0.4356356,0.1949965,0.0023179793234973,0.0,99.99999808382488,0.0,0.0049222400108871
1848.0,158,1,62,0,-61,0.32386953,0.7070838,0.0023179793234973,0.0,99.99999808382488,0.0,0.0049222400108871
1848.5,158,1,62,0,-61,-0.5629872,0.15542565,0.0023179793234973,0.0,99.99999808382488,0.0,0.0049222400108871
1849.0,159,1,63,0,-62,-0.4178013,0.49062073,0.0023179793234973,0.0,99.99999808382488,0.0,0.0049222400108871
1849.5,158,1,62,0,-61,-0.35584137,0.43807435,0.0023179793234973,0.0,99.99999808382488,0.0,0.0049222400108871
1850.0,158,1,62,0,-61,-0.35584137,0.43807435,0.0023179793234973,0.0,99.99999808382488,0.0,0.0049222400108871
1850.5,157,1,60,0,-59,0.07066114,0.15257445,0.0023179793234973,0.0,99.99999808382488,0.0,0.0049222400108871
1851.0,156,1,59,0,-58,0.20168303,0.88094956,0.0023179793234973,0.0,99.99999808382488,0.0,0.0049222400108871
1851.5,156,1,59,0,-58,0.20168303,0.88094956,0.0023179793234973,0.0,99.99999808382488,0.0,0.0049222400108871
1852.0,156,1,59,0,-58,0.33677655,-0.07617061,0.0023179793234973,0.0,99.99999808382488,0.0,0.0049222400108871
1852.5,157,1,60,0,-59,-0.08985987,0.17372644,0.0023179793234973,0.0,99.99999808382488,0.0,0.0049222400108871
1853.0,158,1,60,0,-59,0.6044613,-0.010826036,0.0023179793234973,0.0,99.99999808382488,0.0,0.0049222400108871
1853.5,159,1,61,0,-60,0.08168599,-0.7770658,0.0023179793234973,0.0,99.99999808382488,0.0,0.0049222400108871
1854.0,160,1,62,0,-61,-0.3135011,-0.8120629,0.0023179793234973,0.0,99.99999808382488,0.0,0.0049222400108871
1854.5,159,1,62,0,-61,-0.50120616,-0.47210497,0.0023179793234973,0.0,99.99999808382488,0.0,0.0049222400108871
1855.0,159,1,62,0,-61,-0.50120616,-0.47210497,0.0023179793234973,0.0,99.99999808382488,0.0,0.0049222400108871
1855.5,160,1,63,0,-62,-0.79510736,-0.25700617,0.0023179793234973,0.0,99.99999808382488,0.0,0.0049222400108871
1856.0,159,1,62,0,-61,-0.59628224,-0.33260757,0.0023179793234973,0.0,99.99999808382488,0.0,0.0049222400108871
1856.5,159,1,62,0,-61,-0.59628224,-0.33260757,0.0023179793234973,0.0,99.99999808382488,0.0,0.0049222400108871
1857.0,159,1,62,0,-61,-0.59628224,-0.33260757,0.0023179793234973,0.0,99.99999808382488,0.0,0.0049222400108871
1857.5,159,1,62,0,-61,-0.59628224,-0.33260757,0.0023179793234973,0.0,99.99999808382488,0.0,0.0049222400108871
1858.0,159,1,62,0,-61,-0.59628224,-0.33260757,0.0023179793234973,0.0,99.99999808382488,0.0,0.0049222400108871
1858.5,160,1,63,0,-62,-0.81602955,-0.23128389,0.0023179793234973,0.0,99.99999808382488,0.0,0.0049222400108871
1859.0,160,1,62,0,-61,0.44485343,-0.05060123,0.0023179793234973,0.0,99.99999808382488,0.0,0.0049222400108871
1859.5,160,1,62,0,-61,0.44485343,-0.05060123,0.0023179793234973,0.0,99.99999808382488,0.0,0.0049222400108871
1860.0,162,1,63,0,-62,-0.27629665,-0.52407926,0.0023179793234973,0.0,99.99999808382488,0.0,0.0049222400108871
1860.5,161,1,63,0,-62,0.19659649,0.5948198,0.0023179793234973,0.0,99.99999808382488,0.0,0.0049222400108871
1861.0,161,1,63,0,-62,0.19659649,0.5948198,0.0023179793234973,0.0,99.99999808382488,0.0,0.0049222400108871
1861.5,161,1,62,0,-61,0.34396878,0.30009305,0.0023179793234973,0.0,99.99999808382488,0.0,0.0049222400108871
1862.0,161,1,62,0,-61,0.34396878,0.30009305,0.0023179793234973,0.0,99.99999808382488,0.0,0.0049222400108871
1862.5,161,1,62,0,-61,0.34396878,0.30009305,0.0023179793234973,0.0,99.99999808382488,0.0,0.0049222400108871
1863.0,161,1,62,0,-61,0.34396878,0.30009305,0.0023179793234973,0.0,99.99999808382488,0.0,0.0049222400108871
1863.5,163,1,63,0,-62,0.47499132,0.19013605,0.0023179793234973,0.0,99.99999808382488,0.0,0.0049222400108871
1864.0,163,1,63,0,-62,0.47499132,0.19013605,0.0023179793234973,0.0,99.99999808382488,0.0,0.0049222400108871
1864.5,164,1,63,0,-62,-0.50496364,-0.16513453,0.0023179793234973,0.0,99.99999808382488,0.0,0.0049222400108871
1865.0,165,1,64,0,-63,-0.16010919,-0.5615424,0.0023179793234973,0.0,99.99999808382488,0.0,0.0049222400108871
1865.5,164,1,64,0,-63,1.6421003,0.2154354,0.0023179793234973,0.0,99.99999808382488,0.0,0.0049222400108871
1866.0,166,1,65,0,-64,0.44490778,-0.108431265,0.0023179793234973,0.0,99.99999808382488,0.0,0.0049222400108871
1866.5,165,1,65,0,-64,1.4175436,0.92743385,0.0023179793234973,0.0,99.99999808382488,0.0,0.0049222400108871
1867.0,164,1,66,0,-65,-0.57982516,-0.23429517,0.0023179793234973,0.0,99.99999808382488,0.0,0.0049222400108871
1867.5,165,1,66,0,-65,-0.19782463,1.3888434,0.0023179793234973,0.0,99.99999808382488,0.0,0.0049222400108871
1868.0,165,1,66,0,-65,-0.19782463,1.3888434,0.0023179793234973,0.0,99.99999808382488,0.0,0.0049222400108871
1868.5,164,1,66,0,-65,0.8457165,0.20776248,0.0023179793234973,0.0,99.99999808382488,0.0,0.0049222400108871
1869.0,163,1,65,0,-64,0.27080357,0.49630046,0.0023179793234973,0.0,99.99999808382488,0.0,0.0049222400108871
1869.5,162,1,64,0,-63,1.6951265,0.54135114,0.0023179793234973,0.0,99.99999808382488,0.0,0.0049222400108871
1870.0,162,1,64,0,-63,1.6951265,0.54135114,0.0023179793234973,0.0,99.99999808382488,0.0,0.0049222400108871
1870.5,162,1,64,0,-63,1.6951265,0.54135114,0.0023179793234973,0.0,99.99999808382488,0.0,0.0049222400108871
1871.0,162,1,64,0,-63,1.6951265,0.54135114,0.0023179793234973,0.0,99.99999808382488,0.0,0.0049222400108871
1871.5,163,1,64,0,-63,0.7522627,0.05121471,0.0023179793234973,0.0,99.99999808382488,0.0,0.0049222400108871
1872.0,166,1,65,0,-64,0.11573998,0.1963113,0.0023179793234973,0.0,99.99999808382488,0.0,0.0049222400108871
1872.5,165,1,64,0,-63,-0.12011692,-0.022257164,0.0023179793234973,0.0,99.99999808382488,0.0,0.0049222400108871
1873.0,165,1,64,0,-63,-0.12011692,-0.022257164,0.0023179793234973,0.0,99.99999808382488,0.0,0.0049222400108871
1873.5,164,1,64,0,-63,0.16670169,-0.068444714,0.0023179793234973,0.0,99.99999808382488,0.0,0.0049222400108871
1874.0,165,1,65,0,-64,0.79404473,-0.18358503,0.0023179793234973,0.0,99.99999808382488,0.0,0.0049222400108871
1874.5,166,1,67,0,-66,0.7131876,-0.30118543,0.0023179793234973,0.0,99.99999808382488,0.0,0.0049222400108871
1875.0,166,1,67,0,-66,0.7131876,-0.30118543,0.0023179793234973,0.0,99.99999808382488,0.0,0.0049222400108871
1875.5,166,1,67,0,-66,0.6414937,-0.111466154,0.0023179793234973,0.0,99.99999808382488,0.0,0.0049222400108871
1876.0,166,1,67,0,-66,0.41888604,-0.44217837,0.0023179793234973,0.0,99.99999808382488,0.0,0.0049222400108871
1876.5,166,1,67,0,-66,0.41888604,-0.44217837,0.0023179793234973,0.0,99.99999808382488,0.0,0.0049222400108871
1877.0,164,1,65,0,-64,-0.91469204,-0.15190597,0.0023179793234973,0.0,99.99999808382488,0.0,0.0049222400108871
1877.5,163,1,64,0,-63,-0.20258361,1.1272479,0.0023179793234973,0.0,99.99999808382488,0.0,0.0049222400108871
1878.0,163,1,64,0,-63,-0.20258361,1.1272479,0.0023179793234973,0.0,99.99999808382488,0.0,0.0049222400108871
1878.5,163,1,64,0,-63,-0.20258361,1.1272479,0.0023179793234973,0.0,99.99999808382488,0.0,0.0049222400108871
1879.0,164,1,65,0,-64,0.070852175,0.5453749,0.0023179793234973,0.0,99.99999808382488,0.0,0.0049222400108871
1879.5,162,1,65,0,-64,1.4348319,0.7004494,0.0023179793234973,0.0,99.99999808382488,0.0,0.0049222400108871
1880.0,162,1,65,0,-64,1.4348319,0.7004494,0.0023179793234973,0.0,99.99999808382488,0.0,0.0049222400108871
1880.5,163,1,66,0,-65,1.6876278,0.47054392,0.0023179793234973,0.0,99.99999808382488,0.0,0.0049222400108871
1881.0,163,1,66,0,-65,1.6876278,0.47054392,0.0023179793234973,0.0,99.99999808382488,0.0,0.0049222400108871
1881.5,160,1,65,0,-64,1.636425,0.3009549,0.0023179793234973,0.0,99.99999808382488,0.0,0.0049222400108871
1882.0,160,1,65,0,-64,1.636425,0.3009549,0.0023179793234973,0.0,99.99999808382488,0.0,0.0049222400108871
1882.5,160,1,65,0,-64,-0.42857507,1.2305862,0.0023179793234973,0.0,99.99999808382488,0.0,0.0049222400108871
1883.0,160,1,65,0,-64,-0.42857507,1.2305862,0.0023179793234973,0.0,99.99999808382488,0.0,0.0049222400108871
1883.5,160,1,65,0,-64,-0.42857507,1.2305862,0.0023179793234973,0.0,99.99999808382488,0.0,0.0049222400108871
1884.0,161,1,66,0,-65,-0.35521528,-0.12461357,0.0023179793234973,0.0,99.99999808382488,0.0,0.0049222400108871
1884.5,161,1,66,0,-65,-0.35521528,-0.12461357,0.0023179793234973,0.0,99.99999808382488,0.0,0.0049222400108871
1885.0,161,1,66,0,-65,-0.35521528,-0.12461357,0.0023179793234973,0.0,99.99999808382488,0.0,0.0049222400108871
1885.5,162,1,66,0,-65,1.7091753,0.28929582,0.0023179793234973,0.0,99.99999808382488,0.0,0.0049222400108871
1886.0,162,1,67,0,-66,-0.44312188,1.1805916,0.0023179793234973,0.0,99.99999808382488,0.0,0.0049222400108871
1886.5,162,1,67,0,-66,-0.44312188,1.1805916,0.0023179793234973,0.0,99.99999808382488,0.0,0.0049222400108871
1887.0,162,1,67,0,-66,-0.29809025,0.3983173,0.0023179793234973,0.0,99.99999808382488,0.0,0.0049222400108871
1887.5,163,1,68,0,-67,0.6557698,-0.095669225,0.0023179793234973,0.0,99.99999808382488,0.0,0.0049222400108871
1888.0,166,1,70,0,-69,1.6168983,0.760384,0.0023179793234973,0.0,99.99999808382488,0.0,0.0049222400108871
1888.5,168,1,71,0,-70,0.015933916,0.43970245,0.0023179793234973,0.0,99.99999808382488,0.0,0.0049222400108871
1889.0,168,1,71,0,-70,0.015933916,0.43970245,0.0023179793234973,0.0,99.99999808382488,0.0,0.0049222400108871
1889.5,167,1,70,0,-69,-0.7921028,-0.2541421,0.0023179793234973,0.0,99.99999808382488,0.0,0.0049222400108871
1890.0,166,1,68,0,-67,-0.38836375,-0.26273274,0.0023179793234973,0.0,99.99999808382488,0.0,0.0049222400108871
1890.5,165,1,67,0,-66,-0.12296352,-0.4400565,0.0023179793234973,0.0,99.99999808382488,0.0,0.0049222400108871
1891.0,164,1,66,0,-65,0.25079793,0.49103922,0.0023179793234973,0.0,99.99999808382488,0.0,0.0049222400108871
1891.5,162,1,64,0,-63,0.022569567,0.14529386,0.0023179793234973,0.0,99.99999808382488,0.0,0.0049222400108871
1892.0,163,1,65,0,-64,0.40035033,-0.61884266,0.0023179793234973,0.0,99.99999808382488,0.0,0.0049222400108871
1892.5,162,1,65,0,-64,-0.0467557,0.21749984,0.0023179793234973,0.0,99.99999808382488,0.0,0.0049222400108871
1893.0,161,1,64,0,-63,0.14875297,0.086692914,0.0023179793234973,0.0,99.99999808382488,0.0,0.0049222400108871
1893.5,162,1,65,0,-64,0.52368987,-0.48457783,0.0023179793234973,0.0,99.99999808382488,0.0,0.0049222400108871
1894.0,163,1,66,0,-65,0.003462553,-0.27805895,0.0023179793234973,0.0,99.99999808382488,0.0,0.0049222400108871
1894.5,162,1,66,0,-65,0.54355276,-0.3980785,0.0023179793234973,0.0,99.99999808382488,0.0,0.0049222400108871
1895.0,162,1,66,0,-65,-0.13697276,-0.19116424,0.0023179793234973,0.0,99.99999808382488,0.0,0.0049222400108871
1895.5,163,1,67,0,-66,0.02601716,-0.22205056,0.0023179793234973,0.0,99.99999808382488,0.0,0.0049222400108871
1896.0,163,1,67,0,-66,0.02601716,-0.22205056,0.0023179793234973,0.0,99.99999808382488,0.0,0.0049222400108871
1896.5,162,1,66,0,-65,1.3072529,0.3042696,0.0023179793234973,0.0,99.99999808382488,0.0,0.0049222400108871
1897.0,161,1,65,0,-64,-0.052585095,0.08618076,0.0023179793234973,0.0,99.99999808382488,0.0,0.0049222400108871
1897.5,160,1,64,0,-63,-0.32731006,0.010435209,0.0023179793234973,0.0,99.99999808382488,0.0,0.0049222400108871
1898.0,160,1,64,0,-63,-0.32731006,0.010435209,0.0023179793234973,0.0,99.99999808382488,0.0,0.0049222400108871
1898.5,160,1,64,0,-63,-0.32731006,0.010435209,0.0023179793234973,0.0,99.99999808382488,0.0,0.0049222400108871
1899.0,160,1,64,0,-63,-0.32731006,0.010435209,0.0023179793234973,0.0,99.99999808382488,0.0,0.0049222400108871
1899.5,161,1,64,0,-63,-0.12957057,-0.28096902,0.0023179793234973,0.0,99.99999808382488,0.0,0.0049222400108871
1900.0,161,1,64,0,-63,-0.4047334,-0.62049454,0.0023179793234973,0.0,99.99999808382488,0.0,0.0049222400108871
1900.5,161,1,64,0,-63,-0.4047334,-0.62049454,0.0023179793234973,0.0,99.99999808382488,0.0,0.0049222400108871
1901.0,161,1,64,0,-63,-0.4047334,-0.62049454,0.0023179793234973,0.0,99.99999808382488,0.0,0.0049222400108871
1901.5,161,1,64,0,-63,-0.4047334,-0.62049454,0.0023179793234973,0.0,99.99999808382488,0.0,0.0049222400108871
1902.0,161,1,64,0,-63,-0.4047334,-0.62049454,0.0023179793234973,0.0,99.99999808382488,0.0,0.0049222400108871
1902.5,161,1,64,0,-63,-0.4047334,-0.62049454,0.0023179793234973,0.0,99.99999808382488,0.0,0.0049222400108871
1903.0,162,1,65,0,-64,0.27889338,-0.67718965,0.0023179793234973,0.0,99.99999808382488,0.0,0.0049222400108871
1903.5,159,1,64,0,-63,-0.34220955,-0.10826193,0.0023179793234973,0.0,99.99999808382488,0.0,0.0049222400108871
1904.0,159,1,64,0,-63,-0.34220955,-0.10826193,0.0023179793234973,0.0,99.99999808382488,0.0,0.0049222400108871
1904.5,159,1,64,0,-63,-0.3633881,0.7528014,0.0023179793234973,0.0,99.99999808382488,0.0,0.0049222400108871
1905.0,159,1,64,0,-63,-0.3633881,0.7528014,0.0023179793234973,0.0,99.99999808382488,0.0,0.0049222400108871
1905.5,160,1,65,0,-64,-0.23773262,-0.26352245,0.0023179793234973,0.0,99.99999808382488,0.0,0.0049222400108871
1906.0,162,1,65,0,-64,-0.34187892,0.13185596,0.0023179793234973,0.0,99.99999808382488,0.0,0.0049222400108871
1906.5,162,1,65,0,-64,-0.47788802,0.042308867,0.0023179793234973,0.0,99.99999808382488,0.0,0.0049222400108871
1907.0,161,1,65,0,-64,-0.20676097,-0.6018521,0.0023179793234973,0.0,99.99999808382488,0.0,0.0049222400108871
1907.5,160,1,64,0,-63,0.18778744,-0.18147002,0.0023179793234973,0.0,99.99999808382488,0.0,0.0049222400108871
1908.0,160,1,64,0,-63,0.18778744,-0.18147002,0.0023179793234973,0.0,99.99999808382488,0.0,0.0049222400108871
1908.5,160,1,64,0,-63,0.11920321,-0.43128031,0.0023179793234973,0.0,99.99999808382488,0.0,0.0049222400108871
1909.0,160,1,64,0,-63,0.11920321,-0.43128031,0.0023179793234973,0.0,99.99999808382488,0.0,0.0049222400108871
1909.5,160,1,64,0,-63,0.11920321,-0.43128031,0.0023179793234973,0.0,99.99999808382488,0.0,0.0049222400108871
1910.0,159,1,64,0,-63,-0.38956252,0.15194675,0.0023179793234973,0.0,99.99999808382488,0.0,0.0049222400108871
1910.5,159,1,64,0,-63,-0.38956252,0.15194675,0.0023179793234973,0.0,99.99999808382488,0.0,0.0049222400108871
1911.0,159,1,64,0,-63,-0.38956252,0.15194675,0.0023179793234973,0.0,99.99999808382488,0.0,0.0049222400108871
1911.5,157,1,62,0,-61,0.43767524,-0.18910597,0.0023179793234973,0.0,99.99999808382488,0.0,0.0049222400108871
1912.0,157,1,62,0,-61,0.43767524,-0.18910597,0.0023179793234973,0.0,99.99999808382488,0.0,0.0049222400108871
1912.5,157,1,63,0,-62,0.025427222,-0.060525134,0.0023179793234973,0.0,99.99999808382488,0.0,0.0049222400108871
1913.0,158,1,64,0,-63,0.28746715,0.025749028,0.0023179793234973,0.0,99.99999808382488,0.0,0.0049222400108871
1913.5,158,1,64,0,-63,0.28746715,0.025749028,0.0023179793234973,0.0,99.99999808382488,0.0,0.0049222400108871
1914.0,159,1,65,0,-64,0.21157883,-0.054177508,0.0023179793234973,0.0,99.99999808382488,0.0,0.0049222400108871
1914.5,159,1,65,0,-64,0.21157883,-0.054177508,0.0023179793234973,0.0,99.99999808382488,0.0,0.0049222400108871
1915.0,160,1,66,0,-65,-0.07169974,-0.43570393,0.0023179793234973,0.0,99.99999808382488,0.0,0.0049222400108871
1915.5,160,1,66,0,-65,-0.07169974,-0.43570393,0.0023179793234973,0.0,99.99999808382488,0.0,0.0049222400108871
1916.0,159,1,65,0,-64,0.24217634,-0.29305404,0.0023179793234973,0.0,99.99999808382488,0.0,0.0049222400108871
1916.5,159,1,65,0,-64,-0.18467847,0.06398672,0.0023179793234973,0.0,99.99999808382488,0.0,0.0049222400108871
1917.0,159,1,65,0,-64,-0.18467847,0.06398672,0.0023179793234973,0.0,99.99999808382488,0.0,0.0049222400108871
1917.5,159,1,65,0,-64,-0.18467847,0.06398672,0.0023179793234973,0.0,99.99999808382488,0.0,0.0049222400108871
1918.0,158,1,64,0,-63,-0.28782448,-0.217155,0.0023179793234973,0.0,99.99999808382488,0.0,0.0049222400108871
1918.5,158,1,64,0,-63,-0.28782448,-0.217155,0.0023179793234973,0.0,99.99999808382488,0.0,0.0049222400108871
1919.0,155,1,61,0,-60,0.48047796,-0.87942344,0.0023179793234973,0.0,99.99999808382488,0.0,0.0049222400108871
1919.5,155,1,61,0,-60,0.48047796,-0.87942344,0.0023179793234973,0.0,99.99999808382488,0.0,0.0049222400108871
1920.0,155,1,61,0,-60,0.48047796,-0.87942344,0.0023179793234973,0.0,99.99999808382488,0.0,0.0049222400108871
1920.5,156,1,62,0,-61,0.7117214,-0.11666371,0.0023179793234973,0.0,99.99999808382488,0.0,0.0049222400108871
1921.0,155,1,61,0,-60,0.12914768,-0.25919986,0.0023179793234973,0.0,99.99999808382488,0.0,0.0049222400108871
1921.5,156,1,62,0,-61,0.22283769,-0.50296324,0.0023179793234973,0.0,99.99999808382488,0.0,0.0049222400108871
1922.0,157,1,63,0,-62,0.6895535,-0.27455938,0.0023179793234973,0.0,99.99999808382488,0.0,0.0049222400108871
1922.5,158,1,63,0,-62,-0.49850395,-0.026789963,0.0023179793234973,0.0,99.99999808382488,0.0,0.0049222400108871
1923.0,158,1,63,0,-62,-0.760407,-0.5692296,0.0023179793234973,0.0,99.99999808382488,0.0,0.0049222400108871
1923.5,158,1,63,0,-62,-0.760407,-0.5692296,0.0023179793234973,0.0,99.99999808382488,0.0,0.0049222400108871
1924.0,157,1,62,0,-61,-0.5576143,-0.13509594,0.0023179793234973,0.0,99.99999808382488,0.0,0.0049222400108871
1924.5,158,1,62,0,-61,-0.7375436,0.503586,0.0023179793234973,0.0,99.99999808382488,0.0,0.0049222400108871
1925.0,158,1,62,0,-61,-0.7375436,0.503586,0.0023179793234973,0.0,99.99999808382488,0.0,0.0049222400108871
1925.5,158,1,62,0,-61,-0.7375436,0.503586,0.0023179793234973,0.0,99.99999808382488,0.0,0.0049222400108871
1926.0,158,1,62,0,-61,-0.7375436,0.503586,0.0023179793234973,0.0,99.99999808382488,0.0,0.0049222400108871
1926.5,158,1,62,0,-61,-0.7375436,0.503586,0.0023179793234973,0.0,99.99999808382488,0.0,0.0049222400108871
1927.0,158,1,62,0,-61,-0.7375436,0.503586,0.0023179793234973,0.0,99.99999808382488,0.0,0.0049222400108871
1927.5,157,1,61,0,-60,-0.32940605,-0.05123432,0.0023179793234973,0.0,99.99999808382488,0.0,0.0049222400108871
1928.0,157,1,61,0,-60,-0.32940605,-0.05123432,0.0023179793234973,0.0,99.99999808382488,0.0,0.0049222400108871
1928.5,157,1,61,0,-60,-0.32940605,-0.05123432,0.0023179793234973,0.0,99.99999808382488,0.0,0.0049222400108871
1929.0,157,1,61,0,-60,-0.32940605,-0.05123432,0.0023179793234973,0.0,99.99999808382488,0.0,0.0049222400108871
1929.5,157,1,61,0,-60,-0.32940605,-0.05123432,0.0023179793234973,0.0,99.99999808382488,0.0,0.0049222400108871
1930.0,157,1,62,0,-61,-0.57728493,0.22708957,0.0023179793234973,0.0,99.99999808382488,0.0,0.0049222400108871
1930.5,157,1,62,0,-61,-0.57728493,0.22708957,0.0023179793234973,0.0,99.99999808382488,0.0,0.0049222400108871
1931.0,157,1,62,0,-61,-0.57728493,0.22708957,0.0023179793234973,0.0,99.99999808382488,0.0,0.0049222400108871
1931.5,157,1,62,0,-61,-0.57728493,0.22708957,0.0023179793234973,0.0,99.99999808382488,0.0,0.0049222400108871
1932.0,157,1,62,0,-61,-0.57728493,0.22708957,0.0023179793234973,0.0,99.99999808382488,0.0,0.0049222400108871
1932.5,159,1,63,0,-62,-0.3471338,0.508507,0.0023179793234973,0.0,99.99999808382488,0.0,0.0049222400108871
1933.0,160,1,64,0,-63,-0.69735336,-0.7710698,0.0023179793234973,0.0,99.99999808382488,0.0,0.0049222400108871
1933.5,160,1,64,0,-63,-0.69735336,-0.7710698,0.0023179793234973,0.0,99.99999808382488,0.0,0.0049222400108871
1934.0,159,1,63,0,-62,-0.3471338,0.508507,0.0023179793234973,0.0,99.99999808382488,0.0,0.0049222400108871
1934.5,160,1,64,0,-63,-0.33214846,0.45279557,0.0023179793234973,0.0,99.99999808382488,0.0,0.0049222400108871
1935.0,160,1,64,0,-63,-0.33214846,0.45279557,0.0023179793234973,0.0,99.99999808382488,0.0,0.0049222400108871
1935.5,160,1,64,0,-63,-0.33214846,0.45279557,0.0023179793234973,0.0,99.99999808382488,0.0,0.0049222400108871
1936.0,159,1,63,0,-62,-0.97721744,0.1821617,0.0023179793234973,0.0,99.99999808382488,0.0,0.0049222400108871
1936.5,159,1,63,0,-62,-0.97721744,0.1821617,0.0023179793234973,0.0,99.99999808382488,0.0,0.0049222400108871
1937.0,158,1,62,0,-61,-0.74563694,0.17348014,0.0023179793234973,0.0,99.99999808382488,0.0,0.0049222400108871
1937.5,158,1,62,0,-61,-0.74563694,0.17348014,0.0023179793234973,0.0,99.99999808382488,0.0,0.0049222400108871
1938.0,158,1,62,0,-61,-0.74563694,0.17348014,0.0023179793234973,0.0,99.99999808382488,0.0,0.0049222400108871
1938.5,156,1,60,0,-59,-0.5263343,-0.29732698,0.0023179793234973,0.0,99.99999808382488,0.0,0.0049222400108871
1939.0,156,1,60,0,-59,-0.5263343,-0.29732698,0.0023179793234973,0.0,99.99999808382488,0.0,0.0049222400108871
1939.5,156,1,60,0,-59,-0.5263343,-0.29732698,0.0023179793234973,0.0,99.99999808382488,0.0,0.0049222400108871
1940.0,158,1,60,0,-59,-0.22891718,-1.0359653,0.0023179793234973,0.0,99.99999808382488,0.0,0.0049222400108871
1940.5,157,1,60,0,-59,-0.30163655,-0.7491196,0.0023179793234973,0.0,99.99999808382488,0.0,0.0049222400108871
1941.0,157,1,60,0,-59,-0.30163655,-0.7491196,0.0023179793234973,0.0,99.99999808382488,0.0,0.0049222400108871
1941.5,156,1,59,0,-58,-0.6356901,0.0036794394,0.0023179793234973,0.0,99.99999808382488,0.0,0.0049222400108871
1942.0,155,1,59,0,-58,-0.68198645,0.110690236,0.0023179793234973,0.0,99.99999808382488,0.0,0.0049222400108871
1942.5,157,1,61,0,-60,-0.20552215,-0.6377884,0.0023179793234973,0.0,99.99999808382488,0.0,0.0049222400108871
1943.0,157,1,61,0,-60,-0.20552215,-0.6377884,0.0023179793234973,0.0,99.99999808382488,0.0,0.0049222400108871
1943.5,156,1,60,0,-59,0.06647353,0.13880153,0.0023179793234973,0.0,99.99999808382488,0.0,0.0049222400108871
1944.0,155,1,60,0,-59,-0.052559257,0.37419057,0.0023179793234973,0.0,99.99999808382488,0.0,0.0049222400108871
1944.5,156,1,59,0,-58,-0.15746179,0.31051788,0.0023179793234973,0.0,99.99999808382488,0.0,0.0049222400108871
1945.0,157,1,59,0,-58,0.71857667,0.6916316,0.0023179793234973,0.0,99.99999808382488,0.0,0.0049222400108871
1945.5,157,1,59,0,-58,0.71857667,0.6916316,0.0023179793234973,0.0,99.99999808382488,0.0,0.0049222400108871
1946.0,158,1,59,0,-58,0.33057508,-0.1334707,0.0023179793234973,0.0,99.99999808382488,0.0,0.0049222400108871
1946.5,158,1,59,0,-58,0.33057508,-0.1334707,0.0023179793234973,0.0,99.99999808382488,0.0,0.0049222400108871
1947.0,158,1,59,0,-58,0.33057508,-0.1334707,0.0023179793234973,0.0,99.99999808382488,0.0,0.0049222400108871
1947.5,158,1,59,0,-58,0.33057508,-0.1334707,0.0023179793234973,0.0,99.99999808382488,0.0,0.0049222400108871
1948.0,157,1,60,0,-59,0.22212954,-0.24679314,0.0023179793234973,0.0,99.99999808382488,0.0,0.0049222400108871
1948.5,157,1,60,0,-59,0.22212954,-0.24679314,0.0023179793234973,0.0,99.99999808382488,0.0,0.0049222400108871
1949.0,155,1,58,0,-57,-0.28445616,0.38434124,0.0023179793234973,0.0,99.99999808382488,0.0,0.0049222400108871
1949.5,155,1,58,0,-57,-0.28445616,0.38434124,0.0023179793234973,0.0,99.99999808382488,0.0,0.0049222400108871
1950.0,156,1,58,0,-57,0.20981494,0.65715826,0.0023179793234973,0.0,99.99999808382488,0.0,0.0049222400108871
1950.5,156,1,58,0,-57,0.15372479,0.52996576,0.0023179793234973,0.0,99.99999808382488,0.0,0.0049222400108871
1951.0,156,1,59,0,-58,-0.19460762,0.25599313,0.0023179793234973,0.0,99.99999808382488,0.0,0.0049222400108871
1951.5,157,1,60,0,-59,-0.87090826,0.5429115,0.0023179793234973,0.0,99.99999808382488,0.0,0.0049222400108871
1952.0,157,1,60,0,-59,-0.87090826,0.5429115,0.0023179793234973,0.0,99.99999808382488,0.0,0.0049222400108871
1952.5,156,1,59,0,-58,0.4531312,-0.3723781,0.0023179793234973,0.0,99.99999808382488,0.0,0.0049222400108871
1953.0,155,1,59,0,-58,0.4369709,-0.5224783,0.0023179793234973,0.0,99.99999808382488,0.0,0.0049222400108871
1953.5,151,1,55,0,-54,0.33087602,-1.0288364,0.0023179793234973,0.0,99.99999808382488,0.0,0.0049222400108871
1954.0,152,1,55,0,-54,0.25016505,-0.30091143,0.0023179793234973,0.0,99.99999808382488,0.0,0.0049222400108871
1954.5,152,1,55,0,-54,0.25016505,-0.30091143,0.0023179793234973,0.0,99.99999808382488,0.0,0.0049222400108871
1955.0,153,1,57,0,-56,0.1893366,-0.3266455,0.0023179793234973,0.0,99.99999808382488,0.0,0.0049222400108871
1955.5,153,1,57,0,-56,0.1893366,-0.3266455,0.0023179793234973,0.0,99.99999808382488,0.0,0.0049222400108871
1956.0,153,1,57,0,-56,0.1893366,-0.3266455,0.0023179793234973,0.0,99.99999808382488,0.0,0.0049222400108871
1956.5,153,1,57,0,-56,0.1893366,-0.3266455,0.0023179793234973,0.0,99.99999808382488,0.0,0.0049222400108871
1957.0,155,1,58,0,-57,-0.08305207,-0.041575357,0.0023179793234973,0.0,99.99999808382488,0.0,0.0049222400108871
1957.5,155,1,58,0,-57,-0.08305207,-0.041575357,0.0023179793234973,0.0,99.99999808382488,0.0,0.0049222400108871
1958.0,154,1,57,0,-56,0.35584396,0.45806456,0.0023179793234973,0.0,99.99999808382488,0.0,0.0049222400108871
1958.5,154,1,57,0,-56,0.35584396,0.45806456,0.0023179793234973,0.0,99.99999808382488,0.0,0.0049222400108871
1959.0,154,1,57,0,-56,0.35584396,0.45806456,0.0023179793234973,0.0,99.99999808382488,0.0,0.0049222400108871
1959.5,155,1,58,0,-57,-0.39870027,0.06683396,0.0023179793234973,0.0,99.99999808382488,0.0,0.0049222400108871
1960.0,155,1,58,0,-57,-0.39870027,0.06683396,0.0023179793234973,0.0,99.99999808382488,0.0,0.0049222400108871
1960.5,155,1,57,0,-56,-0.18079367,-0.058215067,0.0023179793234973,0.0,99.99999808382488,0.0,0.0049222400108871
1961.0,154,1,57,0,-56,-0.8292589,-0.21923663,0.0023179793234973,0.0,99.99999808382488,0.0,0.0049222400108871
1961.5,154,1,57,0,-56,-0.8292589,-0.21923663,0.0023179793234973,0.0,99.99999808382488,0.0,0.0049222400108871
1962.0,159,1,60,0,-59,0.575874,0.6261267,0.0023179793234973,0.0,99.99999808382488,0.0,0.0049222400108871
1962.5,159,1,60,0,-59,0.575874,0.6261267,0.0023179793234973,0.0,99.99999808382488,0.0,0.0049222400108871
1963.0,159,1,60,0,-59,0.575874,0.6261267,0.0023179793234973,0.0,99.99999808382488,0.0,0.0049222400108871
1963.5,160,1,60,0,-59,-0.37400296,-0.67578405,0.0023179793234973,0.0,99.99999808382488,0.0,0.0049222400108871
1964.0,160,1,60,0,-59,-0.37400296,-0.67578405,0.0023179793234973,0.0,99.99999808382488,0.0,0.0049222400108871
1964.5,161,1,61,0,-60,-0.54092073,-0.3246814,0.0023179793234973,0.0,99.99999808382488,0.0,0.0049222400108871
1965.0,161,1,61,0,-60,-0.54092073,-0.3246814,0.0023179793234973,0.0,99.99999808382488,0.0,0.0049222400108871
1965.5,162,1,62,0,-61,0.37807786,0.020591512,0.0023179793234973,0.0,99.99999808382488,0.0,0.0049222400108871
1966.0,161,1,62,0,-61,-0.43715635,-0.15723877,0.0023179793234973,0.0,99.99999808382488,0.0,0.0049222400108871
1966.5,161,1,62,0,-61,-0.43715635,-0.15723877,0.0023179793234973,0.0,99.99999808382488,0.0,0.0049222400108871
1967.0,156,1,59,0,-58,0.21829227,-0.19304107,0.0023179793234973,0.0,99.99999808382488,0.0,0.0049222400108871
1967.5,155,1,58,0,-57,-0.15842912,-0.7130389,0.0023179793234973,0.0,99.99999808382488,0.0,0.0049222400108871
1968.0,154,1,59,0,-58,-0.12501192,-0.976872,0.0023179793234973,0.0,99.99999808382488,0.0,0.0049222400108871
1968.5,154,1,59,0,-58,-0.12501192,-0.976872,0.0023179793234973,0.0,99.99999808382488,0.0,0.0049222400108871
1969.0,154,1,59,0,-58,-0.12501192,-0.976872,0.0023179793234973,0.0,99.99999808382488,0.0,0.0049222400108871
1969.5,155,1,60,0,-59,-0.1595043,-0.23975502,0.0023179793234973,0.0,99.99999808382488,0.0,0.0049222400108871
1970.0,155,1,60,0,-59,-0.1595043,-0.23975502,0.0023179793234973,0.0,99.99999808382488,0.0,0.0049222400108871
1970.5,155,1,60,0,-59,-0.1595043,-0.23975502,0.0023179793234973,0.0,99.99999808382488,0.0,0.0049222400108871
1971.0,155,1,60,0,-59,-0.1595043,-0.23975502,0.0023179793234973,0.0,99.99999808382488,0.0,0.0049222400108871
1971.5,157,1,62,0,-61,-0.17466629,-0.026200995,0.0023179793234973,0.0,99.99999808382488,0.0,0.0049222400108871
1972.0,157,1,62,0,-61,-0.17466629,-0.026200995,0.0023179793234973,0.0,99.99999808382488,0.0,0.0049222400108871
1972.5,156,1,61,0,-60,0.5741459,0.10517429,0.0023179793234973,0.0,99.99999808382488,0.0,0.0049222400108871
1973.0,155,1,60,0,-59,0.37039152,0.45569748,0.0023179793234973,0.0,99.99999808382488,0.0,0.0049222400108871
1973.5,155,1,60,0,-59,0.37039152,0.45569748,0.0023179793234973,0.0,99.99999808382488,0.0,0.0049222400108871
1974.0,155,1,60,0,-59,0.37039152,0.45569748,0.0023179793234973,0.0,99.99999808382488,0.0,0.0049222400108871
1974.5,156,1,61,0,-60,0.45413095,0.37280124,0.0023179793234973,0.0,99.99999808382488,0.0,0.0049222400108871
1975.0,156,1,61,0,-60,0.45413095,0.37280124,0.0023179793234973,0.0,99.99999808382488,0.0,0.0049222400108871
1975.5,156,1,61,0,-60,0.45413095,0.37280124,0.0023179793234973,0.0,99.99999808382488,0.0,0.0049222400108871
1976.0,158,1,63,0,-62,0.61407065,-0.3634225,0.0023179793234973,0.0,99.99999808382488,0.0,0.0049222400108871
1976.5,158,1,63,0,-62,0.61407065,-0.3634225,0.0023179793234973,0.0,99.99999808382488,0.0,0.0049222400108871
1977.0,158,1,63,0,-62,0.61407065,-0.3634225,0.0023179793234973,0.0,99.99999808382488,0.0,0.0049222400108871
1977.5,157,1,62,0,-61,-0.29305372,-0.1583549,0.0023179793234973,0.0,99.99999808382488,0.0,0.0049222400108871
1978.0,155,1,60,0,-59,-0.55233526,-0.0024379045,0.0023179793234973,0.0,99.99999808382488,0.0,0.0049222400108871
1978.5,155,1,60,0,-59,-0.55233526,-0.0024379045,0.0023179793234973,0.0,99.99999808382488,0.0,0.0049222400108871
1979.0,158,1,62,0,-61,-0.5183846,0.015436575,0.0023179793234973,0.0,99.99999808382488,0.0,0.0049222400108871
1979.5,158,1,62,0,-61,-0.5183846,0.015436575,0.0023179793234973,0.0,99.99999808382488,0.0,0.0049222400108871
1980.0,155,1,59,0,-58,0.13946101,-0.31001973,0.0023179793234973,0.0,99.99999808382488,0.0,0.0049222400108871
1980.5,155,1,59,0,-58,0.13946101,-0.31001973,0.0023179793234973,0.0,99.99999808382488,0.0,0.0049222400108871
1981.0,154,1,58,0,-57,0.21087688,0.23509954,0.0023179793234973,0.0,99.99999808382488,0.0,0.0049222400108871
1981.5,153,1,57,0,-56,0.0013174266,-0.5150305,0.0023179793234973,0.0,99.99999808382488,0.0,0.0049222400108871
1982.0,153,1,57,0,-56,0.0013174266,-0.5150305,0.0023179793234973,0.0,99.99999808382488,0.0,0.0049222400108871
1982.5,154,1,58,0,-57,-0.044917226,-0.25667012,0.0023179793234973,0.0,99.99999808382488,0.0,0.0049222400108871
1983.0,154,1,58,0,-57,-0.044917226,-0.25667012,0.0023179793234973,0.0,99.99999808382488,0.0,0.0049222400108871
1983.5,152,1,56,0,-55,-0.19397095,0.038622126,0.0023179793234973,0.0,99.99999808382488,0.0,0.0049222400108871
1984.0,152,1,56,0,-55,-0.19397095,0.038622126,0.0023179793234973,0.0,99.99999808382488,0.0,0.0049222400108871
1984.5,151,1,55,0,-54,-0.2642621,-0.4352603,0.0023179793234973,0.0,99.99999808382488,0.0,0.0049222400108871
1985.0,153,1,56,0,-55,0.0060531646,-0.76036483,0.0023179793234973,0.0,99.99999808382488,0.0,0.0049222400108871
1985.5,153,1,56,0,-55,0.0060531646,-0.76036483,0.0023179793234973,0.0,99.99999808382488,0.0,0.0049222400108871
1986.0,155,1,57,0,-56,0.096735194,-0.5554282,0.0023179793234973,0.0,99.99999808382488,0.0,0.0049222400108871
1986.5,154,1,57,0,-56,0.02213122,-0.8110413,0.0023179793234973,0.0,99.99999808382488,0.0,0.0049222400108871
1987.0,154,1,57,0,-56,-0.1503487,-0.16121568,0.0023179793234973,0.0,99.99999808382488,0.0,0.0049222400108871
1987.5,154,1,57,0,-56,-0.1503487,-0.16121568,0.0023179793234973,0.0,99.99999808382488,0.0,0.0049222400108871
1988.0,154,1,57,0,-56,-0.1503487,-0.16121568,0.0023179793234973,0.0,99.99999808382488,0.0,0.0049222400108871
1988.5,154,1,57,0,-56,-0.1503487,-0.16121568,0.0023179793234973,0.0,99.99999808382488,0.0,0.0049222400108871
1989.0,154,1,57,0,-56,-0.1503487,-0.16121568,0.0023179793234973,0.0,99.99999808382488,0.0,0.0049222400108871
1989.5,154,1,57,0,-56,-0.1503487,-0.16121568,0.0023179793234973,0.0,99.99999808382488,0.0,0.0049222400108871
1990.0,154,1,57,0,-56,-0.1503487,-0.16121568,0.0023179793234973,0.0,99.99999808382488,0.0,0.0049222400108871
1990.5,155,1,57,0,-56,0.26096687,-0.060294136,0.0023179793234973,0.0,99.99999808382488,0.0,0.0049222400108871
1991.0,155,1,57,0,-56,0.26096687,-0.060294136,0.0023179793234973,0.0,99.99999808382488,0.0,0.0049222400108871
1991.5,153,1,55,0,-54,0.61585915,-0.2150449,0.0023179793234973,0.0,99.99999808382488,0.0,0.0049222400108871
1992.0,153,1,55,0,-54,0.61585915,-0.2150449,0.0023179793234973,0.0,99.99999808382488,0.0,0.0049222400108871
1992.5,154,1,56,0,-55,0.69992745,0.21295677,0.0023179793234973,0.0,99.99999808382488,0.0,0.0049222400108871
1993.0,154,1,56,0,-55,0.69992745,0.21295677,0.0023179793234973,0.0,99.99999808382488,0.0,0.0049222400108871
1993.5,154,1,56,0,-55,0.69992745,0.21295677,0.0023179793234973,0.0,99.99999808382488,0.0,0.0049222400108871
1994.0,155,1,57,0,-56,-0.50153434,-0.09199424,0.0023179793234973,0.0,99.99999808382488,0.0,0.0049222400108871
1994.5,155,1,57,0,-56,-0.30341086,0.57009584,0.0023179793234973,0.0,99.99999808382488,0.0,0.0049222400108871
1995.0,156,1,58,0,-57,-0.37063363,-0.37067288,0.0023179793234973,0.0,99.99999808382488,0.0,0.0049222400108871
1995.5,156,1,58,0,-57,-0.37063363,-0.37067288,0.0023179793234973,0.0,99.99999808382488,0.0,0.0049222400108871
1996.0,153,1,56,0,-55,-0.59757316,-0.018885955,0.0023179793234973,0.0,99.99999808382488,0.0,0.0049222400108871
1996.5,153,1,56,0,-55,-0.59757316,-0.018885955,0.0023179793234973,0.0,99.99999808382488,0.0,0.0049222400108871
1997.0,153,1,56,0,-55,-0.59757316,-0.018885955,0.0023179793234973,0.0,99.99999808382488,0.0,0.0049222400108871
1997.5,152,1,56,0,-55,-0.006919712,-0.113367036,0.0023179793234973,0.0,99.99999808382488,0.0,0.0049222400108871
1998.0,151,1,55,0,-54,-0.2916306,-0.08225675,0.0023179793234973,0.0,99.99999808382488,0.0,0.0049222400108871
1998.5,151,1,55,0,-54,-0.3124706,0.49110204,0.0023179793234973,0.0,99.99999808382488,0.0,0.0049222400108871
1999.0,154,1,57,0,-56,-0.86300755,-0.23030524,0.0023179793234973,0.0,99.99999808382488,0.0,0.0049222400108871
1999.5,154,1,57,0,-56,-0.86300755,-0.23030524,0.0023179793234973,0.0,99.99999808382488,0.0,0.0049222400108871
2000.0,156,1,59,0,-58,-0.48531976,0.09868038,0.0023179793234973,0.0,99.99999808382488,0.0,0.0049222400108871
2000.5,157,1,59,0,-58,-0.48531976,0.09868038,0.0023179793234973,0.0,99.99999808382488,0.0,0.0049222400108871
2001.0,157,1,59,0,-58,-0.48531976,0.09868038,0.0023179793234973,0.0,99.99999808382488,0.0,0.0049222400108871
2001.5,156,1,59,0,-58,-0.48531976,0.09868038,0.0023179793234973,0.0,99.99999808382488,0.0,0.0049222400108871
2002.0,156,1,59,0,-58,-0.48531976,0.09868038,0.0023179793234973,0.0,99.99999808382488,0.0,0.0049222400108871
2002.5,156,1,59,0,-58,-0.48531976,0.09868038,0.0023179793234973,0.0,99.99999808382488,0.0,0.0049222400108871
2003.0,156,1,59,0,-58,-0.48531976,0.09868038,0.0023179793234973,0.0,99.99999808382488,0.0,0.0049222400108871
2003.5,155,1,58,0,-57,-0.44297066,-0.3133279,0.0023179793234973,0.0,99.99999808382488,0.0,0.0049222400108871
2004.0,155,1,58,0,-57,-0.44297066,-0.3133279,0.0023179793234973,0.0,99.99999808382488,0.0,0.0049222400108871
2004.5,156,1,58,0,-57,-0.32004073,-0.30915022,0.0023179793234973,0.0,99.99999808382488,0.0,0.0049222400108871
2005.0,156,1,58,0,-57,-0.32004073,-0.30915022,0.0023179793234973,0.0,99.99999808382488,0.0,0.0049222400108871
2005.5,155,1,57,0,-56,0.4549271,0.32636684,0.0023179793234973,0.0,99.99999808382488,0.0,0.0049222400108871
2006.0,154,1,56,0,-55,0.13806784,0.22720085,0.0023179793234973,0.0,99.99999808382488,0.0,0.0049222400108871
2006.5,155,1,57,0,-56,-1.0594101,0.026639372,0.0023179793234973,0.0,99.99999808382488,0.0,0.0049222400108871
2007.0,155,1,57,0,-56,-0.5859562,-0.1067913,0.0023179793234973,0.0,99.99999808382488,0.0,0.0049222400108871
2007.5,155,1,57,0,-56,-0.5859562,-0.1067913,0.0023179793234973,0.0,99.99999808382488,0.0,0.0049222400108871
2008.0,156,1,58,0,-57,-0.71452856,-0.07332675,0.0023179793234973,0.0,99.99999808382488,0.0,0.0049222400108871
2008.5,156,1,58,0,-57,-0.71452856,-0.07332675,0.0023179793234973,0.0,99.99999808382488,0.0,0.0049222400108871
2009.0,157,1,59,0,-58,-0.5166533,0.054558292,0.0023179793234973,0.0,99.99999808382488,0.0,0.0049222400108871
2009.5,157,1,59,0,-58,-0.5166533,0.054558292,0.0023179793234973,0.0,99.99999808382488,0.0,0.0049222400108871
2010.0,157,1,59,0,-58,-0.5166533,0.054558292,0.0023179793234973,0.0,99.99999808382488,0.0,0.0049222400108871
2010.5,158,1,59,0,-58,-0.3461627,0.24396543,0.0023179793234973,0.0,99.99999808382488,0.0,0.0049222400108871
2011.0,158,1,59,0,-58,-0.5387466,-0.29206622,0.0023179793234973,0.0,99.99999808382488,0.0,0.0049222400108871
2011.5,157,1,59,0,-58,1.0535946,-0.2152677,0.0023179793234973,0.0,99.99999808382488,0.0,0.0049222400108871
2012.0,157,1,59,0,-58,1.0535946,-0.2152677,0.0023179793234973,0.0,99.99999808382488,0.0,0.0049222400108871
2012.5,157,1,59,0,-58,1.0535946,-0.2152677,0.0023179793234973,0.0,99.99999808382488,0.0,0.0049222400108871
2013.0,157,1,58,0,-57,1.1644499,-0.4365908,0.0023179793234973,0.0,99.99999808382488,0.0,0.0049222400108871
2013.5,157,1,58,0,-57,1.1644499,-0.4365908,0.0023179793234973,0.0,99.99999808382488,0.0,0.0049222400108871
2014.0,160,1,61,0,-60,-0.60755503,-0.054613456,0.0023179793234973,0.0,99.99999808382488,0.0,0.0049222400108871
2014.5,160,1,61,0,-60,-0.60755503,-0.054613456,0.0023179793234973,0.0,99.99999808382488,0.0,0.0049222400108871
2015.0,160,1,61,0,-60,-0.60755503,-0.054613456,0.0023179793234973,0.0,99.99999808382488,0.0,0.0049222400108871
2015.5,161,1,62,0,-61,-0.5993167,0.4914788,0.0023179793234973,0.0,99.99999808382488,0.0,0.0049222400108871
2016.0,160,1,62,0,-61,-0.040944338,0.01489304,0.0023179793234973,0.0,99.99999808382488,0.0,0.0049222400108871
2016.5,161,1,63,0,-62,-0.7272017,-0.38052672,0.0023179793234973,0.0,99.99999808382488,0.0,0.0049222400108871
2017.0,160,1,63,0,-62,-0.6711974,0.0769932,0.0023179793234973,0.0,99.99999808382488,0.0,0.0049222400108871
2017.5,160,1,63,0,-62,-0.6711974,0.0769932,0.0023179793234973,0.0,99.99999808382488,0.0,0.0049222400108871
2018.0,160,1,63,0,-62,-0.6711974,0.0769932,0.0023179793234973,0.0,99.99999808382488,0.0,0.0049222400108871
2018.5,159,1,62,0,-61,-0.8820884,0.055299863,0.0023179793234973,0.0,99.99999808382488,0.0,0.0049222400108871
2019.0,158,1,61,0,-60,-0.27284554,-0.7167396,0.0023179793234973,0.0,99.99999808382488,0.0,0.0049222400108871
2019.5,158,1,61,0,-60,-0.27284554,-0.7167396,0.0023179793234973,0.0,99.99999808382488,0.0,0.0049222400108871
2020.0,158,1,60,0,-59,-0.57593596,-0.38162047,0.0023179793234973,0.0,99.99999808382488,0.0,0.0049222400108871
2020.5,159,1,61,0,-60,0.7023525,0.38893068,0.0023179793234973,0.0,99.99999808382488,0.0,0.0049222400108871
2021.0,159,1,61,0,-60,0.7023525,0.38893068,0.0023179793234973,0.0,99.99999808382488,0.0,0.0049222400108871
2021.5,158,1,60,0,-59,0.48385844,-0.07243301,0.0023179793234973,0.0,99.99999808382488,0.0,0.0049222400108871
2022.0,158,1,60,0,-59,0.48385844,-0.07243301,0.0023179793234973,0.0,99.99999808382488,0.0,0.0049222400108871
2022.5,160,1,62,0,-61,-0.49929348,-0.3454988,0.0023179793234973,0.0,99.99999808382488,0.0,0.0049222400108871
2023.0,159,1,63,0,-62,-0.18830463,-0.5162771,0.0023179793234973,0.0,99.99999808382488,0.0,0.0049222400108871
2023.5,158,1,62,0,-61,-0.90932393,-0.026645899,0.0023179793234973,0.0,99.99999808382488,0.0,0.0049222400108871
2024.0,158,1,62,0,-61,0.014368147,-0.73043185,0.0023179793234973,0.0,99.99999808382488,0.0,0.0049222400108871
2024.5,157,1,61,0,-60,-0.03782931,-0.50508016,0.0023179793234973,0.0,99.99999808382488,0.0,0.0049222400108871
2025.0,156,1,60,0,-59,-0.050041497,-0.50573486,0.0023179793234973,0.0,99.99999808382488,0.0,0.0049222400108871
2025.5,156,1,60,0,-59,-0.050041497,-0.50573486,0.0023179793234973,0.0,99.99999808382488,0.0,0.0049222400108871
2026.0,156,1,60,0,-59,-0.050041497,-0.50573486,0.0023179793234973,0.0,99.99999808382488,0.0,0.0049222400108871
2026.5,154,1,58,0,-57,-0.5495652,-0.367571,0.0023179793234973,0.0,99.99999808382488,0.0,0.0049222400108871
2027.0,154,1,58,0,-57,0.23811494,0.08204906,0.0023179793234973,0.0,99.99999808382488,0.0,0.0049222400108871
2027.5,154,1,58,0,-57,0.23811494,0.08204906,0.0023179793234973,0.0,99.99999808382488,0.0,0.0049222400108871
2028.0,154,1,58,0,-57,0.23811494,0.08204906,0.0023179793234973,0.0,99.99999808382488,0.0,0.0049222400108871
2028.5,154,1,58,0,-57,0.23811494,0.08204906,0.0023179793234973,0.0,99.99999808382488,0.0,0.0049222400108871
2029.0,155,1,59,0,-58,0.65948504,-0.73002285,0.0023179793234973,0.0,99.99999808382488,0.0,0.0049222400108871
2029.5,154,1,58,0,-57,0.55302066,-0.45899665,0.0023179793234973,0.0,99.99999808382488,0.0,0.0049222400108871
2030.0,155,1,59,0,-58,0.021422654,-0.028265879,0.0023179793234973,0.0,99.99999808382488,0.0,0.0049222400108871
2030.5,156,1,59,0,-58,-0.7819246,0.256354,0.0023179793234973,0.0,99.99999808382488,0.0,0.0049222400108871
2031.0,156,1,59,0,-58,-0.7819246,0.256354,0.0023179793234973,0.0,99.99999808382488,0.0,0.0049222400108871
2031.5,154,1,57,0,-56,-0.7059678,0.076174214,0.0023179793234973,0.0,99.99999808382488,0.0,0.0049222400108871
2032.0,154,1,57,0,-56,-0.7059678,0.076174214,0.0023179793234973,0.0,99.99999808382488,0.0,0.0049222400108871
2032.5,153,1,57,0,-56,0.6748779,-0.69281334,0.0023179793234973,0.0,99.99999808382488,0.0,0.0049222400108871
2033.0,153,1,57,0,-56,0.6748779,-0.69281334,0.0023179793234973,0.0,99.99999808382488,0.0,0.0049222400108871
2033.5,152,1,56,0,-55,-0.47425506,-0.1833096,0.0023179793234973,0.0,99.99999808382488,0.0,0.0049222400108871
2034.0,152,1,56,0,-55,-0.47425506,-0.1833096,0.0023179793234973,0.0,99.99999808382488,0.0,0.0049222400108871
2034.5,152,1,56,0,-55,-0.47425506,-0.1833096,0.0023179793234973,0.0,99.99999808382488,0.0,0.0049222400108871
2035.0,150,1,55,0,-54,0.05416149,-0.032983825,0.0023179793234973,0.0,99.99999808382488,0.0,0.0049222400108871
2035.5,151,1,56,0,-55,0.6582618,-0.068744406,0.0023179793234973,0.0,99.99999808382488,0.0,0.0049222400108871
2036.0,151,1,56,0,-55,0.6582618,-0.068744406,0.0023179793234973,0.0,99.99999808382488,0.0,0.0049222400108871
2036.5,151,1,56,0,-55,0.6582618,-0.068744406,0.0023179793234973,0.0,99.99999808382488,0.0,0.0049222400108871
2037.0,151,1,56,0,-55,0.6582618,-0.068744406,0.0023179793234973,0.0,99.99999808382488,0.0,0.0049222400108871
2037.5,151,1,56,0,-55,0.6582618,-0.068744406,0.0023179793234973,0.0,99.99999808382488,0.0,0.0049222400108871
2038.0,152,1,57,0,-56,-0.056961,-0.13860841,0.0023179793234973,0.0,99.99999808382488,0.0,0.0049222400108871
2038.5,152,1,57,0,-56,-0.056961,-0.13860841,0.0023179793234973,0.0,99.99999808382488,0.0,0.0049222400108871
2039.0,152,1,57,0,-56,-0.056961,-0.13860841,0.0023179793234973,0.0,99.99999808382488,0.0,0.0049222400108871
2039.5,152,1,57,0,-56,-0.056961,-0.13860841,0.0023179793234973,0.0,99.99999808382488,0.0,0.0049222400108871
2040.0,153,1,58,0,-57,-0.65448797,0.4380083,0.0023179793234973,0.0,99.99999808382488,0.0,0.0049222400108871
2040.5,153,1,58,0,-57,-0.65448797,0.4380083,0.0023179793234973,0.0,99.99999808382488,0.0,0.0049222400108871
2041.0,153,1,58,0,-57,-0.65448797,0.4380083,0.0023179793234973,0.0,99.99999808382488,0.0,0.0049222400108871
2041.5,151,1,56,0,-55,-0.24584472,-0.18978865,0.0023179793234973,0.0,99.99999808382488,0.0,0.0049222400108871
2042.0,151,1,56,0,-55,-0.24584472,-0.18978865,0.0023179793234973,0.0,99.99999808382488,0.0,0.0049222400108871
2042.5,151,1,56,0,-55,-0.24584472,-0.18978865,0.0023179793234973,0.0,99.99999808382488,0.0,0.0049222400108871
2043.0,151,1,56,0,-55,-0.24584472,-0.18978865,0.0023179793234973,0.0,99.99999808382488,0.0,0.0049222400108871
2043.5,152,1,57,0,-56,-0.40892914,0.14843608,0.0023179793234973,0.0,99.99999808382488,0.0,0.0049222400108871
2044.0,152,1,57,0,-56,-0.40892914,0.14843608,0.0023179793234973,0.0,99.99999808382488,0.0,0.0049222400108871
2044.5,152,1,57,0,-56,-0.40892914,0.14843608,0.0023179793234973,0.0,99.99999808382488,0.0,0.0049222400108871
2045.0,152,1,57,0,-56,-0.40892914,0.14843608,0.0023179793234973,0.0,99.99999808382488,0.0,0.0049222400108871
2045.5,152,1,57,0,-56,-0.40892914,0.14843608,0.0023179793234973,0.0,99.99999808382488,0.0,0.0049222400108871
2046.0,152,1,57,0,-56,-0.40892914,0.14843608,0.0023179793234973,0.0,99.99999808382488,0.0,0.0049222400108871
2046.5,151,1,56,0,-55,0.13464448,0.08326651,0.0023179793234973,0.0,99.99999808382488,0.0,0.0049222400108871
2047.0,151,1,56,0,-55,0.13464448,0.08326651,0.0023179793234973,0.0,99.99999808382488,0.0,0.0049222400108871
2047.5,151,1,56,0,-55,0.13464448,0.08326651,0.0023179793234973,0.0,99.99999808382488,0.0,0.0049222400108871
2048.0,152,1,57,0,-56,-0.13988966,0.40977585,0.0023179793234973,0.0,99.99999808382488,0.0,0.0049222400108871
2048.5,152,1,57,0,-56,-0.13988966,0.40977585,0.0023179793234973,0.0,99.99999808382488,0.0,0.0049222400108871
2049.0,152,1,57,0,-56,-0.13988966,0.40977585,0.0023179793234973,0.0,99.99999808382488,0.0,0.0049222400108871
2049.5,153,1,57,0,-56,-0.13988966,0.40977585,0.0023179793234973,0.0,99.99999808382488,0.0,0.0049222400108871
2050.0,153,1,57,0,-56,-0.13988966,0.40977585,0.0023179793234973,0.0,99.99999808382488,0.0,0.0049222400108871
2050.5,153,1,57,0,-56,-0.13988966,0.40977585,0.0023179793234973,0.0,99.99999808382488,0.0,0.0049222400108871
2051.0,154,1,58,0,-57,0.5554316,-0.72556925,0.0023179793234973,0.0,99.99999808382488,0.0,0.0049222400108871
2051.5,156,1,59,0,-58,0.17123231,0.32758075,0.0023179793234973,0.0,99.99999808382488,0.0,0.0049222400108871
2052.0,156,1,59,0,-58,0.17123231,0.32758075,0.0023179793234973,0.0,99.99999808382488,0.0,0.0049222400108871
2052.5,156,1,59,0,-58,0.17123231,0.32758075,0.0023179793234973,0.0,99.99999808382488,0.0,0.0049222400108871
2053.0,156,1,59,0,-58,0.17123231,0.32758075,0.0023179793234973,0.0,99.99999808382488,0.0,0.0049222400108871
2053.5,157,1,59,0,-58,0.35186833,0.7947085,0.0023179793234973,0.0,99.99999808382488,0.0,0.0049222400108871
2054.0,157,1,59,0,-58,0.35186833,0.7947085,0.0023179793234973,0.0,99.99999808382488,0.0,0.0049222400108871
2054.5,157,1,59,0,-58,0.35186833,0.7947085,0.0023179793234973,0.0,99.99999808382488,0.0,0.0049222400108871
2055.0,156,1,58,0,-57,0.7814963,-0.12328218,0.0023179793234973,0.0,99.99999808382488,0.0,0.0049222400108871
2055.5,156,1,58,0,-57,0.7814963,-0.12328218,0.0023179793234973,0.0,99.99999808382488,0.0,0.0049222400108871
2056.0,156,1,58,0,-57,0.7814963,-0.12328218,0.0023179793234973,0.0,99.99999808382488,0.0,0.0049222400108871
2056.5,155,1,58,0,-57,-0.17165622,-0.69516563,0.0023179793234973,0.0,99.99999808382488,0.0,0.0049222400108871
2057.0,156,1,59,0,-58,-0.51072,-0.3041165,0.0023179793234973,0.0,99.99999808382488,0.0,0.0049222400108871
2057.5,156,1,59,0,-58,0.4720997,-0.9977804,0.0023179793234973,0.0,99.99999808382488,0.0,0.0049222400108871
2058.0,155,1,58,0,-57,-0.473372,-0.5300347,0.0023179793234973,0.0,99.99999808382488,0.0,0.0049222400108871
2058.5,155,1,58,0,-57,-0.473372,-0.5300347,0.0023179793234973,0.0,99.99999808382488,0.0,0.0049222400108871
2059.0,156,1,59,0,-58,-0.026363686,0.5547332,0.0023179793234973,0.0,99.99999808382488,0.0,0.0049222400108871
2059.5,156,1,59,0,-58,-0.026363686,0.5547332,0.0023179793234973,0.0,99.99999808382488,0.0,0.0049222400108871
2060.0,155,1,58,0,-57,0.09691182,-0.6288387,0.0023179793234973,0.0,99.99999808382488,0.0,0.0049222400108871
2060.5,154,1,57,0,-56,-0.7467623,0.086292475,0.0023179793234973,0.0,99.99999808382488,0.0,0.0049222400108871
2061.0,155,1,58,0,-57,-0.59903395,0.18043722,0.0023179793234973,0.0,99.99999808382488,0.0,0.0049222400108871
2061.5,154,1,58,0,-57,-0.03479594,-0.3578779,0.0023179793234973,0.0,99.99999808382488,0.0,0.0049222400108871
2062.0,154,1,58,0,-57,-0.03479594,-0.3578779,0.0023179793234973,0.0,99.99999808382488,0.0,0.0049222400108871
2062.5,153,1,57,0,-56,0.14121377,0.2852857,0.0023179793234973,0.0,99.99999808382488,0.0,0.0049222400108871
2063.0,152,1,56,0,-55,-0.05852145,0.5505894,0.0023179793234973,0.0,99.99999808382488,0.0,0.0049222400108871
2063.5,152,1,56,0,-55,-0.05852145,0.5505894,0.0023179793234973,0.0,99.99999808382488,0.0,0.0049222400108871
2064.0,154,1,57,0,-56,-0.27342415,0.025394604,0.0023179793234973,0.0,99.99999808382488,0.0,0.0049222400108871
2064.5,155,1,58,0,-57,-0.63970125,-0.18631677,0.0023179793234973,0.0,99.99999808382488,0.0,0.0049222400108871
2065.0,154,1,58,0,-57,-0.63970125,-0.18631677,0.0023179793234973,0.0,99.99999808382488,0.0,0.0049222400108871
2065.5,153,1,57,0,-56,0.6362028,-0.70709294,0.0023179793234973,0.0,99.99999808382488,0.0,0.0049222400108871
2066.0,152,1,56,0,-55,0.13943969,-0.5190076,0.0023179793234973,0.0,99.99999808382488,0.0,0.0049222400108871
2066.5,154,1,58,0,-57,0.1954782,0.21039584,0.0023179793234973,0.0,99.99999808382488,0.0,0.0049222400108871
2067.0,154,1,58,0,-57,0.1954782,0.21039584,0.0023179793234973,0.0,99.99999808382488,0.0,0.0049222400108871
2067.5,154,1,58,0,-57,0.1954782,0.21039584,0.0023179793234973,0.0,99.99999808382488,0.0,0.0049222400108871
2068.0,154,1,58,0,-57,0.1954782,0.21039584,0.0023179793234973,0.0,99.99999808382488,0.0,0.0049222400108871
2068.5,152,1,57,0,-56,-0.07954967,0.40448385,0.0023179793234973,0.0,99.99999808382488,0.0,0.0049222400108871
2069.0,152,1,57,0,-56,-0.07954967,0.40448385,0.0023179793234973,0.0,99.99999808382488,0.0,0.0049222400108871
2069.5,153,1,58,0,-57,-0.73536694,0.6783066,0.0023179793234973,0.0,99.99999808382488,0.0,0.0049222400108871
2070.0,153,1,58,0,-57,-0.73536694,0.6783066,0.0023179793234973,0.0,99.99999808382488,0.0,0.0049222400108871
2070.5,153,1,58,0,-57,-0.73536694,0.6783066,0.0023179793234973,0.0,99.99999808382488,0.0,0.0049222400108871
2071.0,153,1,58,0,-57,-0.73536694,0.6783066,0.0023179793234973,0.0,99.99999808382488,0.0,0.0049222400108871
2071.5,153,1,58,0,-57,-0.73536694,0.6783066,0.0023179793234973,0.0,99.99999808382488,0.0,0.0049222400108871
2072.0,153,1,58,0,-57,-0.73536694,0.6783066,0.0023179793234973,0.0,99.99999808382488,0.0,0.0049222400108871
2072.5,153,1,58,0,-57,-0.73536694,0.6783066,0.0023179793234973,0.0,99.99999808382488,0.0,0.0049222400108871
2073.0,154,1,58,0,-57,0.19654909,-0.08188467,0.0023179793234973,0.0,99.99999808382488,0.0,0.0049222400108871
2073.5,155,1,58,0,-57,0.17921942,0.29321975,0.0023179793234973,0.0,99.99999808382488,0.0,0.0049222400108871
2074.0,155,1,58,0,-57,0.17921942,0.29321975,0.0023179793234973,0.0,99.99999808382488,0.0,0.0049222400108871
2074.5,155,1,58,0,-57,0.17921942,0.29321975,0.0023179793234973,0.0,99.99999808382488,0.0,0.0049222400108871
2075.0,155,1,58,0,-57,0.17921942,0.29321975,0.0023179793234973,0.0,99.99999808382488,0.0,0.0049222400108871
2075.5,155,1,58,0,-57,0.17921942,0.29321975,0.0023179793234973,0.0,99.99999808382488,0.0,0.0049222400108871
2076.0,155,1,58,0,-57,0.17921942,0.29321975,0.0023179793234973,0.0,99.99999808382488,0.0,0.0049222400108871
2076.5,155,1,58,0,-57,0.17921942,0.29321975,0.0023179793234973,0.0,99.99999808382488,0.0,0.0049222400108871
2077.0,154,1,58,0,-57,-0.2062499,-0.20394443,0.0023179793234973,0.0,99.99999808382488,0.0,0.0049222400108871
2077.5,154,1,58,0,-57,-0.2062499,-0.20394443,0.0023179793234973,0.0,99.99999808382488,0.0,0.0049222400108871
2078.0,155,1,58,0,-57,-0.6753626,-0.039680764,0.0023179793234973,0.0,99.99999808382488,0.0,0.0049222400108871
2078.5,155,1,58,0,-57,-0.6753626,-0.039680764,0.0023179793234973,0.0,99.99999808382488,0.0,0.0049222400108871
2079.0,153,1,56,0,-55,0.07058668,-0.359092,0.0023179793234973,0.0,99.99999808382488,0.0,0.0049222400108871
2079.5,153,1,56,0,-55,0.07058668,-0.359092,0.0023179793234973,0.0,99.99999808382488,0.0,0.0049222400108871
2080.0,153,1,56,0,-55,0.07058668,-0.359092,0.0023179793234973,0.0,99.99999808382488,0.0,0.0049222400108871
2080.5,153,1,56,0,-55,0.07058668,-0.359092,0.0023179793234973,0.0,99.99999808382488,0.0,0.0049222400108871
2081.0,153,1,56,0,-55,0.07058668,-0.359092,0.0023179793234973,0.0,99.99999808382488,0.0,0.0049222400108871
2081.5,153,1,56,0,-55,0.07058668,-0.359092,0.0023179793234973,0.0,99.99999808382488,0.0,0.0049222400108871
2082.0,152,1,56,0,-55,-1.1288214,-0.0060528964,0.0023179793234973,0.0,99.99999808382488,0.0,0.0049222400108871
2082.5,152,1,56,0,-55,-1.1288214,-0.0060528964,0.0023179793234973,0.0,99.99999808382488,0.0,0.0049222400108871
2083.0,153,1,55,0,-54,-0.6864712,1.1034142,0.0023179793234973,0.0,99.99999808382488,0.0,0.0049222400108871
2083.5,154,1,56,0,-55,-0.70052445,1.3347682,0.0023179793234973,0.0,99.99999808382488,0.0,0.0049222400108871
2084.0,155,1,57,0,-56,-0.4093577,1.5421978,0.0023179793234973,0.0,99.99999808382488,0.0,0.0049222400108871
2084.5,156,1,58,0,-57,-0.8649726,1.3023814,0.0023179793234973,0.0,99.99999808382488,0.0,0.0049222400108871
2085.0,156,1,58,0,-57,-0.8649726,1.3023814,0.0023179793234973,0.0,99.99999808382488,0.0,0.0049222400108871
2085.5,156,1,58,0,-57,-0.8649726,1.3023814,0.0023179793234973,0.0,99.99999808382488,0.0,0.0049222400108871
2086.0,156,1,58,0,-57,-0.8649726,1.3023814,0.0023179793234973,0.0,99.99999808382488,0.0,0.0049222400108871
2086.5,154,1,56,0,-55,0.19042265,0.11758269,0.0023179793234973,0.0,99.99999808382488,0.0,0.0049222400108871
2087.0,153,1,57,0,-56,0.4528471,0.31019807,0.0023179793234973,0.0,99.99999808382488,0.0,0.0049222400108871
2087.5,153,1,57,0,-56,1.8815691,0.26558426,0.0023179793234973,0.0,99.99999808382488,0.0,0.0049222400108871
2088.0,154,1,58,0,-57,1.5876367,0.696401,0.0023179793234973,0.0,99.99999808382488,0.0,0.0049222400108871
2088.5,154,1,58,0,-57,1.5876367,0.696401,0.0023179793234973,0.0,99.99999808382488,0.0,0.0049222400108871
2089.0,154,1,58,0,-57,1.5876367,0.696401,0.0023179793234973,0.0,99.99999808382488,0.0,0.0049222400108871
2089.5,154,1,58,0,-57,1.5876367,0.696401,0.0023179793234973,0.0,99.99999808382488,0.0,0.0049222400108871
2090.0,153,1,57,0,-56,-0.7383641,-0.1164581,0.0023179793234973,0.0,99.99999808382488,0.0,0.0049222400108871
2090.5,153,1,57,0,-56,-0.7383641,-0.1164581,0.0023179793234973,0.0,99.99999808382488,0.0,0.0049222400108871
2091.0,153,1,57,0,-56,-0.7383641,-0.1164581,0.0023179793234973,0.0,99.99999808382488,0.0,0.0049222400108871
2091.5,153,1,57,0,-56,-0.7383641,-0.1164581,0.0023179793234973,0.0,99.99999808382488,0.0,0.0049222400108871
2092.0,153,1,57,0,-56,-0.7383641,-0.1164581,0.0023179793234973,0.0,99.99999808382488,0.0,0.0049222400108871
2092.5,153,1,57,0,-56,-0.7383641,-0.1164581,0.0023179793234973,0.0,99.99999808382488,0.0,0.0049222400108871
2093.0,153,1,57,0,-56,-0.7383641,-0.1164581,0.0023179793234973,0.0,99.99999808382488,0.0,0.0049222400108871
2093.5,153,1,57,0,-56,-0.7383641,-0.1164581,0.0023179793234973,0.0,99.99999808382488,0.0,0.0049222400108871
2094.0,152,1,56,0,-55,0.41042012,0.36424997,0.0023179793234973,0.0,99.99999808382488,0.0,0.0049222400108871
2094.5,152,1,56,0,-55,0.41042012,0.36424997,0.0023179793234973,0.0,99.99999808382488,0.0,0.0049222400108871
2095.0,152,1,56,0,-55,0.41042012,0.36424997,0.0023179793234973,0.0,99.99999808382488,0.0,0.0049222400108871
2095.5,152,1,56,0,-55,0.41042012,0.36424997,0.0023179793234973,0.0,99.99999808382488,0.0,0.0049222400108871
2096.0,151,1,55,0,-54,-0.08353472,-0.38249642,0.0023179793234973,0.0,99.99999808382488,0.0,0.0049222400108871
2096.5,150,1,55,0,-54,-0.39307186,-0.04526095,0.0023179793234973,0.0,99.99999808382488,0.0,0.0049222400108871
2097.0,150,1,55,0,-54,-0.39307186,-0.04526095,0.0023179793234973,0.0,99.99999808382488,0.0,0.0049222400108871
2097.5,150,1,55,0,-54,-0.39307186,-0.04526095,0.0023179793234973,0.0,99.99999808382488,0.0,0.0049222400108871
2098.0,153,1,57,0,-56,0.71174943,0.14866126,0.0023179793234973,0.0,99.99999808382488,0.0,0.0049222400108871
2098.5,153,1,57,0,-56,0.71174943,0.14866126,0.0023179793234973,0.0,99.99999808382488,0.0,0.0049222400108871
2099.0,153,1,57,0,-56,0.71174943,0.14866126,0.0023179793234973,0.0,99.99999808382488,0.0,0.0049222400108871
2099.5,153,1,57,0,-56,-0.69033074,0.21894042,0.0023179793234973,0.0,99.99999808382488,0.0,0.0049222400108871
2100.0,153,1,57,0,-56,-0.69033074,0.21894042,0.0023179793234973,0.0,99.99999808382488,0.0,0.0049222400108871
2100.5,154,1,58,0,-57,0.23033954,0.6129671,0.0023179793234973,0.0,99.99999808382488,0.0,0.0049222400108871
2101.0,155,1,58,0,-57,0.5386163,0.22368489,0.0023179793234973,0.0,99.99999808382488,0.0,0.0049222400108871
2101.5,155,1,58,0,-57,0.5386163,0.22368489,0.0023179793234973,0.0,99.99999808382488,0.0,0.0049222400108871
2102.0,155,1,58,0,-57,0.5386163,0.22368489,0.0023179793234973,0.0,99.99999808382488,0.0,0.0049222400108871
2102.5,155,2,58,0,-56,1.7068567,0.36797893,0.0023179793234973,0.0,99.99999808382488,0.0,0.0049222400108871
2103.0,152,2,56,0,-54,0.18953565,0.13844916,0.0023179793234973,0.0,99.99999808382488,0.0,0.0049222400108871
2103.5,153,1,56,0,-55,0.18805155,0.20531486,0.0023179793234973,0.0,99.99999808382488,0.0,0.0049222400108871
2104.0,154,1,57,0,-56,-0.2373243,1.3239261,0.0023179793234973,0.0,99.99999808382488,0.0,0.0049222400108871
2104.5,155,1,58,0,-57,0.6574944,0.2380905,0.0023179793234973,0.0,99.99999808382488,0.0,0.0049222400108871
2105.0,155,1,58,0,-57,1.9234906,0.13001624,0.0023179793234973,0.0,99.99999808382488,0.0,0.0049222400108871
2105.5,154,1,58,0,-57,0.21588852,-0.12582375,0.0023179793234973,0.0,99.99999808382488,0.0,0.0049222400108871
2106.0,154,1,58,0,-57,0.21588852,-0.12582375,0.0023179793234973,0.0,99.99999808382488,0.0,0.0049222400108871
2106.5,153,1,57,0,-56,0.90629923,0.12966596,0.0023179793234973,0.0,99.99999808382488,0.0,0.0049222400108871
2107.0,153,1,57,0,-56,0.90629923,0.12966596,0.0023179793234973,0.0,99.99999808382488,0.0,0.0049222400108871
2107.5,152,1,56,0,-55,0.62935734,0.17249836,0.0023179793234973,0.0,99.99999808382488,0.0,0.0049222400108871
2108.0,152,1,55,0,-54,0.001955703,-0.63252646,0.0023179793234973,0.0,99.99999808382488,0.0,0.0049222400108871
2108.5,152,1,55,0,-54,0.001955703,-0.63252646,0.0023179793234973,0.0,99.99999808382488,0.0,0.0049222400108871
2109.0,152,1,55,0,-54,0.001955703,-0.63252646,0.0023179793234973,0.0,99.99999808382488,0.0,0.0049222400108871
2109.5,155,1,58,0,-57,0.43135515,-0.323972,0.0023179793234973,0.0,99.99999808382488,0.0,0.0049222400108871
2110.0,155,1,58,0,-57,0.43135515,-0.323972,0.0023179793234973,0.0,99.99999808382488,0.0,0.0049222400108871
2110.5,156,1,59,0,-58,-0.090417355,0.5095173,0.0023179793234973,0.0,99.99999808382488,0.0,0.0049222400108871
2111.0,155,1,59,0,-58,0.14168835,-0.358769,0.0023179793234973,0.0,99.99999808382488,0.0,0.0049222400108871
2111.5,156,1,60,0,-59,0.25584352,-0.37004864,0.0023179793234973,0.0,99.99999808382488,0.0,0.0049222400108871
2112.0,156,1,60,0,-59,0.25584352,-0.37004864,0.0023179793234973,0.0,99.99999808382488,0.0,0.0049222400108871
2112.5,156,1,60,0,-59,0.25584352,-0.37004864,0.0023179793234973,0.0,99.99999808382488,0.0,0.0049222400108871
2113.0,157,1,61,0,-60,0.24183573,-0.41550928,0.0023179793234973,0.0,99.99999808382488,0.0,0.0049222400108871
2113.5,157,1,60,0,-59,-0.31865767,0.504726,0.0023179793234973,0.0,99.99999808382488,0.0,0.0049222400108871
2114.0,157,1,60,0,-59,-0.31865767,0.504726,0.0023179793234973,0.0,99.99999808382488,0.0,0.0049222400108871
2114.5,157,1,60,0,-59,-0.31865767,0.504726,0.0023179793234973,0.0,99.99999808382488,0.0,0.0049222400108871
2115.0,156,1,59,0,-58,-0.1954715,0.737225,0.0023179793234973,0.0,99.99999808382488,0.0,0.0049222400108871
2115.5,155,1,58,0,-57,0.09701122,-0.7990106,0.0023179793234973,0.0,99.99999808382488,0.0,0.0049222400108871
2116.0,155,1,58,0,-57,0.09701122,-0.7990106,0.0023179793234973,0.0,99.99999808382488,0.0,0.0049222400108871
2116.5,155,1,58,0,-57,0.09701122,-0.7990106,0.0023179793234973,0.0,99.99999808382488,0.0,0.0049222400108871
2117.0,154,1,58,0,-57,0.05565317,-0.5469786,0.0023179793234973,0.0,99.99999808382488,0.0,0.0049222400108871
2117.5,154,1,57,0,-56,0.19290176,-0.40310484,0.0023179793234973,0.0,99.99999808382488,0.0,0.0049222400108871
2118.0,152,1,56,0,-55,-1.0784241,-0.12506367,0.0023179793234973,0.0,99.99999808382488,0.0,0.0049222400108871
2118.5,152,1,56,0,-55,-1.0784241,-0.12506367,0.0023179793234973,0.0,99.99999808382488,0.0,0.0049222400108871
2119.0,152,1,56,0,-55,-1.0784241,-0.12506367,0.0023179793234973,0.0,99.99999808382488,0.0,0.0049222400108871
2119.5,153,1,57,0,-56,-0.057941318,-0.0979913,0.0023179793234973,0.0,99.99999808382488,0.0,0.0049222400108871
2120.0,154,1,58,0,-57,-0.9882841,0.21162906,0.0023179793234973,0.0,99.99999808382488,0.0,0.0049222400108871
2120.5,154,1,58,0,-57,-0.9882841,0.21162906,0.0023179793234973,0.0,99.99999808382488,0.0,0.0049222400108871
2121.0,154,1,58,0,-57,-0.9882841,0.21162906,0.0023179793234973,0.0,99.99999808382488,0.0,0.0049222400108871
2121.5,156,1,59,0,-58,0.41323462,-0.603545,0.0023179793234973,0.0,99.99999808382488,0.0,0.0049222400108871
2122.0,156,1,59,0,-58,0.41323462,-0.603545,0.0023179793234973,0.0,99.99999808382488,0.0,0.0049222400108871
2122.5,155,1,58,0,-57,-0.34319052,0.19436918,0.0023179793234973,0.0,99.99999808382488,0.0,0.0049222400108871
2123.0,156,1,58,0,-57,-0.26088274,-1.1542492,0.0023179793234973,0.0,99.99999808382488,0.0,0.0049222400108871
2123.5,156,1,58,0,-57,-0.26088274,-1.1542492,0.0023179793234973,0.0,99.99999808382488,0.0,0.0049222400108871
2124.0,156,1,58,0,-57,-0.26088274,-1.1542492,0.0023179793234973,0.0,99.99999808382488,0.0,0.0049222400108871
2124.5,156,1,58,0,-57,-0.26088274,-1.1542492,0.0023179793234973,0.0,99.99999808382488,0.0,0.0049222400108871
2125.0,155,1,58,0,-57,-0.21018836,-0.041480705,0.0023179793234973,0.0,99.99999808382488,0.0,0.0049222400108871
2125.5,156,1,58,0,-57,-0.21963024,0.4882105,0.0023179793234973,0.0,99.99999808382488,0.0,0.0049222400108871
2126.0,156,1,58,0,-57,-0.21963024,0.4882105,0.0023179793234973,0.0,99.99999808382488,0.0,0.0049222400108871
2126.5,156,1,59,0,-58,0.46625677,0.061070696,0.0023179793234973,0.0,99.99999808382488,0.0,0.0049222400108871
2127.0,156,1,59,0,-58,0.46625677,0.061070696,0.0023179793234973,0.0,99.99999808382488,0.0,0.0049222400108871
2127.5,156,1,59,0,-58,0.46625677,0.061070696,0.0023179793234973,0.0,99.99999808382488,0.0,0.0049222400108871
2128.0,157,1,60,0,-59,0.027577192,-0.8137273,0.0023179793234973,0.0,99.99999808382488,0.0,0.0049222400108871
2128.5,158,1,61,0,-60,-0.8266988,0.75953877,0.0023179793234973,0.0,99.99999808382488,0.0,0.0049222400108871
2129.0,158,1,61,0,-60,-0.8266988,0.75953877,0.0023179793234973,0.0,99.99999808382488,0.0,0.0049222400108871
2129.5,159,1,62,0,-61,-0.23936278,0.20680633,0.0023179793234973,0.0,99.99999808382488,0.0,0.0049222400108871
2130.0,159,1,62,0,-61,0.4383449,0.38777593,0.0023179793234973,0.0,99.99999808382488,0.0,0.0049222400108871
2130.5,160,1,63,0,-62,0.1644008,0.8681113,0.0023179793234973,0.0,99.99999808382488,0.0,0.0049222400108871
2131.0,159,1,62,0,-61,-0.19682977,0.10808553,0.0023179793234973,0.0,99.99999808382488,0.0,0.0049222400108871
2131.5,161,1,64,0,-63,-0.396773,-0.28530186,0.0023179793234973,0.0,99.99999808382488,0.0,0.0049222400108871
2132.0,160,1,63,0,-62,-0.49456933,0.20490278,0.0023179793234973,0.0,99.99999808382488,0.0,0.0049222400108871
2132.5,158,1,61,0,-60,0.34205788,0.36870795,0.0023179793234973,0.0,99.99999808382488,0.0,0.0049222400108871
2133.0,159,1,62,0,-61,0.40596545,0.014869794,0.0023179793234973,0.0,99.99999808382488,0.0,0.0049222400108871
2133.5,159,1,62,0,-61,0.018357664,0.019763961,0.0023179793234973,0.0,99.99999808382488,0.0,0.0049222400108871
2134.0,159,1,62,0,-61,0.018357664,0.019763961,0.0023179793234973,0.0,99.99999808382488,0.0,0.0049222400108871
2134.5,159,1,62,0,-61,0.018357664,0.019763961,0.0023179793234973,0.0,99.99999808382488,0.0,0.0049222400108871
2135.0,160,1,62,0,-61,0.5218698,0.6925243,0.0023179793234973,0.0,99.99999808382488,0.0,0.0049222400108871
2135.5,160,1,62,0,-61,0.5218698,0.6925243,0.0023179793234973,0.0,99.99999808382488,0.0,0.0049222400108871
2136.0,161,1,63,0,-62,-0.47613958,-0.7121719,0.0023179793234973,0.0,99.99999808382488,0.0,0.0049222400108871
2136.5,161,1,63,0,-62,-0.47613958,-0.7121719,0.0023179793234973,0.0,99.99999808382488,0.0,0.0049222400108871
2137.0,161,1,63,0,-62,0.29546654,-0.51320285,0.0023179793234973,0.0,99.99999808382488,0.0,0.0049222400108871
2137.5,161,1,63,0,-62,0.29546654,-0.51320285,0.0023179793234973,0.0,99.99999808382488,0.0,0.0049222400108871
2138.0,158,1,62,0,-61,-0.039792597,0.18416122,0.0023179793234973,0.0,99.99999808382488,0.0,0.0049222400108871
2138.5,158,1,62,0,-61,-0.039792597,0.18416122,0.0023179793234973,0.0,99.99999808382488,0.0,0.0049222400108871
2139.0,160,1,62,0,-61,-1.1029961,0.4102571,0.0023179793234973,0.0,99.99999808382488,0.0,0.0049222400108871
2139.5,160,1,62,0,-61,-1.1029961,0.4102571,0.0023179793234973,0.0,99.99999808382488,0.0,0.0049222400108871
2140.0,160,1,62,0,-61,-1.1029961,0.4102571,0.0023179793234973,0.0,99.99999808382488,0.0,0.0049222400108871
2140.5,160,1,62,0,-61,-1.1029961,0.4102571,0.0023179793234973,0.0,99.99999808382488,0.0,0.0049222400108871
2141.0,160,1,62,0,-61,-1.1029961,0.4102571,0.0023179793234973,0.0,99.99999808382488,0.0,0.0049222400108871
2141.5,160,1,62,0,-61,-0.7537538,-0.6855504,0.0023179793234973,0.0,99.99999808382488,0.0,0.0049222400108871
2142.0,161,1,62,0,-61,-0.26267505,-0.35199374,0.0023179793234973,0.0,99.99999808382488,0.0,0.0049222400108871
2142.5,163,1,63,0,-62,-0.92491305,-0.06679176,0.0023179793234973,0.0,99.99999808382488,0.0,0.0049222400108871
2143.0,164,1,64,0,-63,0.4668613,-0.15373196,0.0023179793234973,0.0,99.99999808382488,0.0,0.0049222400108871
2143.5,163,1,64,0,-63,-0.05726382,-0.41682017,0.0023179793234973,0.0,99.99999808382488,0.0,0.0049222400108871
2144.0,164,1,65,0,-64,-0.21021062,-1.0385128,0.0023179793234973,0.0,99.99999808382488,0.0,0.0049222400108871
2144.5,164,1,65,0,-64,-0.65643406,0.28155267,0.0023179793234973,0.0,99.99999808382488,0.0,0.0049222400108871
2145.0,165,1,65,0,-64,0.40744293,0.23455393,0.0023179793234973,0.0,99.99999808382488,0.0,0.0049222400108871
2145.5,166,1,66,0,-65,0.26983535,0.4587745,0.0023179793234973,0.0,99.99999808382488,0.0,0.0049222400108871
2146.0,165,1,65,0,-64,-0.17492577,-0.33015734,0.0023179793234973,0.0,99.99999808382488,0.0,0.0049222400108871
2146.5,165,1,65,0,-64,-0.17492577,-0.33015734,0.0023179793234973,0.0,99.99999808382488,0.0,0.0049222400108871
2147.0,163,1,65,0,-64,-0.22782424,0.06876683,0.0023179793234973,0.0,99.99999808382488,0.0,0.0049222400108871
2147.5,162,1,64,0,-63,-0.84245956,0.6882332,0.0023179793234973,0.0,99.99999808382488,0.0,0.0049222400108871
2148.0,164,1,66,0,-65,-0.6042496,-0.26189637,0.0023179793234973,0.0,99.99999808382488,0.0,0.0049222400108871
2148.5,165,1,67,0,-66,-0.6060227,-0.20015107,0.0023179793234973,0.0,99.99999808382488,0.0,0.0049222400108871
2149.0,164,1,66,0,-65,-0.3695399,-0.17364733,0.0023179793234973,0.0,99.99999808382488,0.0,0.0049222400108871
2149.5,164,1,66,0,-65,-0.3695399,-0.17364733,0.0023179793234973,0.0,99.99999808382488,0.0,0.0049222400108871
2150.0,163,1,65,0,-64,-0.41791216,-0.44307816,0.0023179793234973,0.0,99.99999808382488,0.0,0.0049222400108871
2150.5,161,1,63,0,-62,-0.572582,0.17861752,0.0023179793234973,0.0,99.99999808382488,0.0,0.0049222400108871
2151.0,161,1,63,0,-62,0.27590993,0.08242388,0.0023179793234973,0.0,99.99999808382488,0.0,0.0049222400108871
2151.5,162,1,64,0,-63,0.5935861,-0.41865528,0.0023179793234973,0.0,99.99999808382488,0.0,0.0049222400108871
2152.0,162,1,64,0,-63,0.5935861,-0.41865528,0.0023179793234973,0.0,99.99999808382488,0.0,0.0049222400108871
2152.5,162,1,64,0,-63,-0.62459505,-0.90977985,0.0023179793234973,0.0,99.99999808382488,0.0,0.0049222400108871
2153.0,161,1,64,0,-63,-0.27583018,0.3852934,0.0023179793234973,0.0,99.99999808382488,0.0,0.0049222400108871
2153.5,160,1,63,0,-62,0.2062275,-0.25743985,0.0023179793234973,0.0,99.99999808382488,0.0,0.0049222400108871
2154.0,160,1,63,0,-62,0.2062275,-0.25743985,0.0023179793234973,0.0,99.99999808382488,0.0,0.0049222400108871
2154.5,161,1,64,0,-63,0.13224521,-0.08163227,0.0023179793234973,0.0,99.99999808382488,0.0,0.0049222400108871
2155.0,160,1,63,0,-62,0.23987566,-0.8789883,0.0023179793234973,0.0,99.99999808382488,0.0,0.0049222400108871
2155.5,161,1,64,0,-63,0.08798212,-0.4349664,0.0023179793234973,0.0,99.99999808382488,0.0,0.0049222400108871
2156.0,162,1,65,0,-64,-0.02683711,-0.3715316,0.0023179793234973,0.0,99.99999808382488,0.0,0.0049222400108871
2156.5,161,1,64,0,-63,0.20495334,-0.46164173,0.0023179793234973,0.0,99.99999808382488,0.0,0.0049222400108871
2157.0,160,1,64,0,-63,-0.5149976,-0.432566,0.0023179793234973,0.0,99.99999808382488,0.0,0.0049222400108871
2157.5,159,1,63,0,-62,-0.5741966,-0.09334104,0.0023179793234973,0.0,99.99999808382488,0.0,0.0049222400108871
2158.0,159,1,63,0,-62,-0.5741966,-0.09334104,0.0023179793234973,0.0,99.99999808382488,0.0,0.0049222400108871
2158.5,160,1,63,0,-62,-1.0194756,0.2166806,0.0023179793234973,0.0,99.99999808382488,0.0,0.0049222400108871
2159.0,160,1,63,0,-62,-1.0194756,0.2166806,0.0023179793234973,0.0,99.99999808382488,0.0,0.0049222400108871
2159.5,158,1,61,0,-60,0.03334877,0.037673816,0.0023179793234973,0.0,99.99999808382488,0.0,0.0049222400108871
2160.0,159,1,62,0,-61,-0.5479665,-0.6655616,0.0023179793234973,0.0,99.99999808382488,0.0,0.0049222400108871
2160.5,159,1,62,0,-61,-0.5479665,-0.6655616,0.0023179793234973,0.0,99.99999808382488,0.0,0.0049222400108871
2161.0,159,1,62,0,-61,-0.5479665,-0.6655616,0.0023179793234973,0.0,99.99999808382488,0.0,0.0049222400108871
2161.5,158,1,62,0,-61,-0.36063924,-0.29843634,0.0023179793234973,0.0,99.99999808382488,0.0,0.0049222400108871
2162.0,157,1,61,0,-60,-0.6466074,-0.025948659,0.0023179793234973,0.0,99.99999808382488,0.0,0.0049222400108871
2162.5,158,1,62,0,-61,0.47318915,-0.55451125,0.0023179793234973,0.0,99.99999808382488,0.0,0.0049222400108871
2163.0,158,1,62,0,-61,0.47318915,-0.55451125,0.0023179793234973,0.0,99.99999808382488,0.0,0.0049222400108871
2163.5,158,1,62,0,-61,0.47318915,-0.55451125,0.0023179793234973,0.0,99.99999808382488,0.0,0.0049222400108871
2164.0,158,1,62,0,-61,0.47318915,-0.55451125,0.0023179793234973,0.0,99.99999808382488,0.0,0.0049222400108871
2164.5,157,1,62,0,-61,-0.079975694,-0.49611288,0.0023179793234973,0.0,99.99999808382488,0.0,0.0049222400108871
2165.0,158,1,63,0,-62,-0.07204282,0.16631605,0.0023179793234973,0.0,99.99999808382488,0.0,0.0049222400108871
2165.5,158,1,63,0,-62,-0.07204282,0.16631605,0.0023179793234973,0.0,99.99999808382488,0.0,0.0049222400108871
2166.0,158,1,63,0,-62,-0.07204282,0.16631605,0.0023179793234973,0.0,99.99999808382488,0.0,0.0049222400108871
2166.5,158,1,63,0,-62,-0.07204282,0.16631605,0.0023179793234973,0.0,99.99999808382488,0.0,0.0049222400108871
2167.0,160,1,64,0,-63,-0.16667095,-0.20321672,0.0023179793234973,0.0,99.99999808382488,0.0,0.0049222400108871
2167.5,160,1,64,0,-63,0.32934505,-0.7381535,0.0023179793234973,0.0,99.99999808382488,0.0,0.0049222400108871
2168.0,160,1,64,0,-63,0.32934505,-0.7381535,0.0023179793234973,0.0,99.99999808382488,0.0,0.0049222400108871
2168.5,160,1,64,0,-63,0.32934505,-0.7381535,0.0023179793234973,0.0,99.99999808382488,0.0,0.0049222400108871
2169.0,159,1,63,0,-62,1.0295818,0.05622235,0.0023179793234973,0.0,99.99999808382488,0.0,0.0049222400108871
2169.5,159,1,63,0,-62,1.0295818,0.05622235,0.0023179793234973,0.0,99.99999808382488,0.0,0.0049222400108871
2170.0,160,1,64,0,-63,0.5806745,0.06608422,0.0023179793234973,0.0,99.99999808382488,0.0,0.0049222400108871
2170.5,160,1,64,0,-63,0.5806745,0.06608422,0.0023179793234973,0.0,99.99999808382488,0.0,0.0049222400108871
2171.0,160,1,64,0,-63,0.5806745,0.06608422,0.0023179793234973,0.0,99.99999808382488,0.0,0.0049222400108871
2171.5,159,1,63,0,-62,1.0862466,-0.59353036,0.0023179793234973,0.0,99.99999808382488,0.0,0.0049222400108871
2172.0,159,1,63,0,-62,1.0862466,-0.59353036,0.0023179793234973,0.0,99.99999808382488,0.0,0.0049222400108871
2172.5,159,1,63,0,-62,1.0862466,-0.59353036,0.0023179793234973,0.0,99.99999808382488,0.0,0.0049222400108871
2173.0,159,1,63,0,-62,1.0862466,-0.59353036,0.0023179793234973,0.0,99.99999808382488,0.0,0.0049222400108871
2173.5,159,1,63,0,-62,1.0862466,-0.59353036,0.0023179793234973,0.0,99.99999808382488,0.0,0.0049222400108871
2174.0,160,1,64,0,-63,-0.61886764,-0.2743274,0.0023179793234973,0.0,99.99999808382488,0.0,0.0049222400108871
2174.5,160,1,64,0,-63,-0.61886764,-0.2743274,0.0023179793234973,0.0,99.99999808382488,0.0,0.0049222400108871
2175.0,161,1,65,0,-64,-0.19788128,0.07076304,0.0023179793234973,0.0,99.99999808382488,0.0,0.0049222400108871
2175.5,161,1,65,0,-64,-0.19788128,0.07076304,0.0023179793234973,0.0,99.99999808382488,0.0,0.0049222400108871
2176.0,160,1,65,0,-64,-0.8881266,0.31156474,0.0023179793234973,0.0,99.99999808382488,0.0,0.0049222400108871
2176.5,160,1,65,0,-64,-0.8881266,0.31156474,0.0023179793234973,0.0,99.99999808382488,0.0,0.0049222400108871
2177.0,161,1,66,0,-65,-0.38468465,0.6085646,0.0023179793234973,0.0,99.99999808382488,0.0,0.0049222400108871
2177.5,161,1,66,0,-65,-0.38468465,0.6085646,0.0023179793234973,0.0,99.99999808382488,0.0,0.0049222400108871
2178.0,160,1,65,0,-64,-0.7187605,0.34006608,0.0023179793234973,0.0,99.99999808382488,0.0,0.0049222400108871
2178.5,160,1,65,0,-64,-0.7187605,0.34006608,0.0023179793234973,0.0,99.99999808382488,0.0,0.0049222400108871
2179.0,160,1,65,0,-64,-0.7187605,0.34006608,0.0023179793234973,0.0,99.99999808382488,0.0,0.0049222400108871
2179.5,160,1,65,0,-64,-0.7187605,0.34006608,0.0023179793234973,0.0,99.99999808382488,0.0,0.0049222400108871
2180.0,160,1,65,0,-64,-0.7187605,0.34006608,0.0023179793234973,0.0,99.99999808382488,0.0,0.0049222400108871
2180.5,158,1,63,0,-62,-0.8206512,0.5337012,0.0023179793234973,0.0,99.99999808382488,0.0,0.0049222400108871
2181.0,157,1,62,0,-61,-0.6290395,0.44042116,0.0023179793234973,0.0,99.99999808382488,0.0,0.0049222400108871
2181.5,157,1,62,0,-61,-0.6290395,0.44042116,0.0023179793234973,0.0,99.99999808382488,0.0,0.0049222400108871
2182.0,156,1,61,0,-60,-0.7013892,-0.1108986,0.0023179793234973,0.0,99.99999808382488,0.0,0.0049222400108871
2182.5,157,1,62,0,-61,-0.55623496,-0.014772639,0.0023179793234973,0.0,99.99999808382488,0.0,0.0049222400108871
2183.0,158,1,62,0,-61,-0.6540352,-0.029934302,0.0023179793234973,0.0,99.99999808382488,0.0,0.0049222400108871
2183.5,157,1,61,0,-60,-0.84302235,0.37280118,0.0023179793234973,0.0,99.99999808382488,0.0,0.0049222400108871
2184.0,157,1,61,0,-60,-0.84302235,0.37280118,0.0023179793234973,0.0,99.99999808382488,0.0,0.0049222400108871
2184.5,158,1,62,0,-61,-0.7064048,0.05392477,0.0023179793234973,0.0,99.99999808382488,0.0,0.0049222400108871
2185.0,158,1,62,0,-61,-0.7064048,0.05392477,0.0023179793234973,0.0,99.99999808382488,0.0,0.0049222400108871
2185.5,159,1,63,0,-62,-0.7641132,0.024093047,0.0023179793234973,0.0,99.99999808382488,0.0,0.0049222400108871
2186.0,160,1,64,0,-63,-0.6627301,-0.47060597,0.0023179793234973,0.0,99.99999808382488,0.0,0.0049222400108871
2186.5,159,1,64,0,-63,0.024373233,-0.34308535,0.0023179793234973,0.0,99.99999808382488,0.0,0.0049222400108871
2187.0,160,1,64,0,-63,0.11705643,0.3531858,0.0023179793234973,0.0,99.99999808382488,0.0,0.0049222400108871
2187.5,161,1,65,0,-64,-0.17732456,-0.17410158,0.0023179793234973,0.0,99.99999808382488,0.0,0.0049222400108871
2188.0,162,1,66,0,-65,0.13641371,0.057082936,0.0023179793234973,0.0,99.99999808382488,0.0,0.0049222400108871
2188.5,162,1,66,0,-65,0.13641371,0.057082936,0.0023179793234973,0.0,99.99999808382488,0.0,0.0049222400108871
2189.0,162,1,66,0,-65,0.13641371,0.057082936,0.0023179793234973,0.0,99.99999808382488,0.0,0.0049222400108871
2189.5,161,1,65,0,-64,-0.652858,-0.17143579,0.0023179793234973,0.0,99.99999808382488,0.0,0.0049222400108871
2190.0,160,1,64,0,-63,-0.338155,-0.26305103,0.0023179793234973,0.0,99.99999808382488,0.0,0.0049222400108871
2190.5,160,1,64,0,-63,-0.338155,-0.26305103,0.0023179793234973,0.0,99.99999808382488,0.0,0.0049222400108871
2191.0,159,1,64,0,-63,-0.79433775,0.5472058,0.0023179793234973,0.0,99.99999808382488,0.0,0.0049222400108871
2191.5,160,1,65,0,-64,-0.3614951,-0.04496239,0.0023179793234973,0.0,99.99999808382488,0.0,0.0049222400108871
2192.0,160,1,65,0,-64,-0.3614951,-0.04496239,0.0023179793234973,0.0,99.99999808382488,0.0,0.0049222400108871
2192.5,160,1,65,0,-64,-0.3614951,-0.04496239,0.0023179793234973,0.0,99.99999808382488,0.0,0.0049222400108871
2193.0,161,1,65,0,-64,-0.23212236,0.29927513,0.0023179793234973,0.0,99.99999808382488,0.0,0.0049222400108871
2193.5,161,1,65,0,-64,-0.23212236,0.29927513,0.0023179793234973,0.0,99.99999808382488,0.0,0.0049222400108871
2194.0,161,1,65,0,-64,-0.23212236,0.29927513,0.0023179793234973,0.0,99.99999808382488,0.0,0.0049222400108871
2194.5,161,1,65,0,-64,-0.23212236,0.29927513,0.0023179793234973,0.0,99.99999808382488,0.0,0.0049222400108871
2195.0,161,1,65,0,-64,-0.23212236,0.29927513,0.0023179793234973,0.0,99.99999808382488,0.0,0.0049222400108871
2195.5,161,1,65,0,-64,-0.23212236,0.29927513,0.0023179793234973,0.0,99.99999808382488,0.0,0.0049222400108871
2196.0,161,1,65,0,-64,-0.23212236,0.29927513,0.0023179793234973,0.0,99.99999808382488,0.0,0.0049222400108871
2196.5,161,1,65,0,-64,-0.82816386,0.085307136,0.0023179793234973,0.0,99.99999808382488,0.0,0.0049222400108871
2197.0,160,1,64,0,-63,-0.57823753,0.13487868,0.0023179793234973,0.0,99.99999808382488,0.0,0.0049222400108871
2197.5,160,1,64,0,-63,-0.57823753,0.13487868,0.0023179793234973,0.0,99.99999808382488,0.0,0.0049222400108871
2198.0,160,1,64,0,-63,0.43539155,-0.21794058,0.0023179793234973,0.0,99.99999808382488,0.0,0.0049222400108871
2198.5,160,1,64,0,-63,0.43539155,-0.21794058,0.0023179793234973,0.0,99.99999808382488,0.0,0.0049222400108871
2199.0,160,1,64,0,-63,0.43539155,-0.21794058,0.0023179793234973,0.0,99.99999808382488,0.0,0.0049222400108871
2199.5,160,1,64,0,-63,0.43539155,-0.21794058,0.0023179793234973,0.0,99.99999808382488,0.0,0.0049222400108871
2200.0,159,1,64,0,-63,0.34806195,0.30201885,0.0023179793234973,0.0,99.99999808382488,0.0,0.0049222400108871
2200.5,157,1,63,0,-62,0.20906249,0.14736187,0.0023179793234973,0.0,99.99999808382488,0.0,0.0049222400108871
2201.0,157,1,63,0,-62,0.20906249,0.14736187,0.0023179793234973,0.0,99.99999808382488,0.0,0.0049222400108871
2201.5,157,1,63,0,-62,0.20906249,0.14736187,0.0023179793234973,0.0,99.99999808382488,0.0,0.0049222400108871
2202.0,157,1,63,0,-62,0.20906249,0.14736187,0.0023179793234973,0.0,99.99999808382488,0.0,0.0049222400108871
2202.5,157,1,63,0,-62,0.20906249,0.14736187,0.0023179793234973,0.0,99.99999808382488,0.0,0.0049222400108871
2203.0,157,1,63,0,-62,0.20906249,0.14736187,0.0023179793234973,0.0,99.99999808382488,0.0,0.0049222400108871
2203.5,157,1,63,0,-62,0.20906249,0.14736187,0.0023179793234973,0.0,99.99999808382488,0.0,0.0049222400108871
2204.0,157,1,63,0,-62,0.20906249,0.14736187,0.0023179793234973,0.0,99.99999808382488,0.0,0.0049222400108871
2204.5,157,1,63,0,-62,0.20906249,0.14736187,0.0023179793234973,0.0,99.99999808382488,0.0,0.0049222400108871
2205.0,157,1,63,0,-62,0.20906249,0.14736187,0.0023179793234973,0.0,99.99999808382488,0.0,0.0049222400108871
2205.5,157,1,63,0,-62,0.20906249,0.14736187,0.0023179793234973,0.0,99.99999808382488,0.0,0.0049222400108871
2206.0,158,1,63,0,-62,-0.16990036,0.49807322,0.0023179793234973,0.0,99.99999808382488,0.0,0.0049222400108871
2206.5,158,1,63,0,-62,-0.16990036,0.49807322,0.0023179793234973,0.0,99.99999808382488,0.0,0.0049222400108871
2207.0,158,1,63,0,-62,-0.16990036,0.49807322,0.0023179793234973,0.0,99.99999808382488,0.0,0.0049222400108871
2207.5,158,1,63,0,-62,-0.16990036,0.49807322,0.0023179793234973,0.0,99.99999808382488,0.0,0.0049222400108871
2208.0,159,1,63,0,-62,-0.7512022,0.72263765,0.0023179793234973,0.0,99.99999808382488,0.0,0.0049222400108871
2208.5,158,1,62,0,-61,0.21379068,1.1189655,0.0023179793234973,0.0,99.99999808382488,0.0,0.0049222400108871
2209.0,159,1,63,0,-62,0.1321951,-0.08052902,0.0023179793234973,0.0,99.99999808382488,0.0,0.0049222400108871
2209.5,159,1,63,0,-62,0.1321951,-0.08052902,0.0023179793234973,0.0,99.99999808382488,0.0,0.0049222400108871
2210.0,159,1,63,0,-62,0.1321951,-0.08052902,0.0023179793234973,0.0,99.99999808382488,0.0,0.0049222400108871
2210.5,160,1,64,0,-63,0.067143396,-0.62119085,0.0023179793234973,0.0,99.99999808382488,0.0,0.0049222400108871
2211.0,160,1,64,0,-63,0.067143396,-0.62119085,0.0023179793234973,0.0,99.99999808382488,0.0,0.0049222400108871
2211.5,160,1,64,0,-63,-0.14242497,-0.84824246,0.0023179793234973,0.0,99.99999808382488,0.0,0.0049222400108871
2212.0,157,1,62,0,-61,-1.0736861,-0.3670153,0.0023179793234973,0.0,99.99999808382488,0.0,0.0049222400108871
2212.5,157,1,62,0,-61,-0.2746082,0.32245326,0.0023179793234973,0.0,99.99999808382488,0.0,0.0049222400108871
2213.0,156,1,61,0,-60,0.16217661,0.7182718,0.0023179793234973,0.0,99.99999808382488,0.0,0.0049222400108871
2213.5,155,1,60,0,-59,-1.0758755,0.2821594,0.0023179793234973,0.0,99.99999808382488,0.0,0.0049222400108871
2214.0,155,1,60,0,-59,-1.0758755,0.2821594,0.0023179793234973,0.0,99.99999808382488,0.0,0.0049222400108871
2214.5,155,1,60,0,-59,-1.0758755,0.2821594,0.0023179793234973,0.0,99.99999808382488,0.0,0.0049222400108871
2215.0,156,1,61,0,-60,-0.8783815,0.57574326,0.0023179793234973,0.0,99.99999808382488,0.0,0.0049222400108871
2215.5,155,1,60,0,-59,0.36645597,-0.17147483,0.0023179793234973,0.0,99.99999808382488,0.0,0.0049222400108871
2216.0,156,1,61,0,-60,0.5865669,-0.043125495,0.0023179793234973,0.0,99.99999808382488,0.0,0.0049222400108871
2216.5,156,1,61,0,-60,0.5865669,-0.043125495,0.0023179793234973,0.0,99.99999808382488,0.0,0.0049222400108871
2217.0,156,1,61,0,-60,0.5865669,-0.043125495,0.0023179793234973,0.0,99.99999808382488,0.0,0.0049222400108871
2217.5,159,1,63,0,-62,0.040342525,0.13606924,0.0023179793234973,0.0,99.99999808382488,0.0,0.0049222400108871
2218.0,159,1,63,0,-62,0.040342525,0.13606924,0.0023179793234973,0.0,99.99999808382488,0.0,0.0049222400108871
2218.5,158,1,62,0,-61,-0.14646825,-0.15552579,0.0023179793234973,0.0,99.99999808382488,0.0,0.0049222400108871
2219.0,159,1,63,0,-62,0.5017885,-0.15607946,0.0023179793234973,0.0,99.99999808382488,0.0,0.0049222400108871
2219.5,160,1,64,0,-63,0.85547197,-0.5250316,0.0023179793234973,0.0,99.99999808382488,0.0,0.0049222400108871
2220.0,160,1,64,0,-63,0.85547197,-0.5250316,0.0023179793234973,0.0,99.99999808382488,0.0,0.0049222400108871
2220.5,160,1,64,0,-63,0.85547197,-0.5250316,0.0023179793234973,0.0,99.99999808382488,0.0,0.0049222400108871
2221.0,160,1,64,0,-63,0.85547197,-0.5250316,0.0023179793234973,0.0,99.99999808382488,0.0,0.0049222400108871
2221.5,158,1,61,0,-60,-0.13388461,-0.13573577,0.0023179793234973,0.0,99.99999808382488,0.0,0.0049222400108871
2222.0,159,1,62,0,-61,-0.28104728,-0.15506808,0.0023179793234973,0.0,99.99999808382488,0.0,0.0049222400108871
2222.5,159,1,62,0,-61,-0.28104728,-0.15506808,0.0023179793234973,0.0,99.99999808382488,0.0,0.0049222400108871
2223.0,158,1,61,0,-60,0.7187973,-0.40492326,0.0023179793234973,0.0,99.99999808382488,0.0,0.0049222400108871
2223.5,159,1,62,0,-61,0.42681324,-0.39411426,0.0023179793234973,0.0,99.99999808382488,0.0,0.0049222400108871
2224.0,158,1,61,0,-60,0.6920461,-0.0626571,0.0023179793234973,0.0,99.99999808382488,0.0,0.0049222400108871
2224.5,160,1,62,0,-61,0.74346554,-0.110350564,0.0023179793234973,0.0,99.99999808382488,0.0,0.0049222400108871
2225.0,160,1,61,0,-60,0.404269,0.039173186,0.0023179793234973,0.0,99.99999808382488,0.0,0.0049222400108871
2225.5,160,1,61,0,-60,0.66945183,-0.47477233,0.0023179793234973,0.0,99.99999808382488,0.0,0.0049222400108871
2226.0,160,1,61,0,-60,0.66945183,-0.47477233,0.0023179793234973,0.0,99.99999808382488,0.0,0.0049222400108871
2226.5,160,1,61,0,-60,0.66945183,-0.47477233,0.0023179793234973,0.0,99.99999808382488,0.0,0.0049222400108871
2227.0,160,1,61,0,-60,0.66945183,-0.47477233,0.0023179793234973,0.0,99.99999808382488,0.0,0.0049222400108871
2227.5,160,1,61,0,-60,0.66945183,-0.47477233,0.0023179793234973,0.0,99.99999808382488,0.0,0.0049222400108871
2228.0,161,1,62,0,-61,0.70168805,0.2991407,0.0023179793234973,0.0,99.99999808382488,0.0,0.0049222400108871
2228.5,163,1,63,0,-62,0.74380064,-0.3327647,0.0023179793234973,0.0,99.99999808382488,0.0,0.0049222400108871
2229.0,164,1,64,0,-63,0.37891844,0.18484965,0.0023179793234973,0.0,99.99999808382488,0.0,0.0049222400108871
2229.5,163,1,64,0,-63,0.35215288,0.15080765,0.0023179793234973,0.0,99.99999808382488,0.0,0.0049222400108871
2230.0,162,1,64,0,-63,-0.2823728,-0.013184369,0.0023179793234973,0.0,99.99999808382488,0.0,0.0049222400108871
2230.5,162,1,64,0,-63,-0.2823728,-0.013184369,0.0023179793234973,0.0,99.99999808382488,0.0,0.0049222400108871
2231.0,161,1,63,0,-62,0.066376194,-0.308163,0.0023179793234973,0.0,99.99999808382488,0.0,0.0049222400108871
2231.5,160,1,62,0,-61,-0.54259753,-0.5730701,0.0023179793234973,0.0,99.99999808382488,0.0,0.0049222400108871
2232.0,159,1,60,0,-59,0.36860484,-0.098316684,0.0023179793234973,0.0,99.99999808382488,0.0,0.0049222400108871
2232.5,158,1,59,0,-58,-0.1398446,-0.38319802,0.0023179793234973,0.0,99.99999808382488,0.0,0.0049222400108871
2233.0,158,1,59,0,-58,-0.1398446,-0.38319802,0.0023179793234973,0.0,99.99999808382488,0.0,0.0049222400108871
2233.5,157,1,59,0,-58,0.4339283,-3.491342e-05,0.0023179793234973,0.0,99.99999808382488,0.0,0.0049222400108871
2234.0,157,1,59,0,-58,0.4339283,-3.491342e-05,0.0023179793234973,0.0,99.99999808382488,0.0,0.0049222400108871
2234.5,156,1,58,0,-57,0.19387296,-0.19381393,0.0023179793234973,0.0,99.99999808382488,0.0,0.0049222400108871
2235.0,156,1,58,0,-57,0.19387296,-0.19381393,0.0023179793234973,0.0,99.99999808382488,0.0,0.0049222400108871
2235.5,156,1,58,0,-57,0.19387296,-0.19381393,0.0023179793234973,0.0,99.99999808382488,0.0,0.0049222400108871
2236.0,156,1,58,0,-57,0.19387296,-0.19381393,0.0023179793234973,0.0,99.99999808382488,0.0,0.0049222400108871
2236.5,156,1,58,0,-57,0.19387296,-0.19381393,0.0023179793234973,0.0,99.99999808382488,0.0,0.0049222400108871
2237.0,157,1,59,0,-58,0.5057225,-0.15352516,0.0023179793234973,0.0,99.99999808382488,0.0,0.0049222400108871
2237.5,158,1,60,0,-59,0.27567548,-0.058723226,0.0023179793234973,0.0,99.99999808382488,0.0,0.0049222400108871
2238.0,158,1,60,0,-59,0.27567548,-0.058723226,0.0023179793234973,0.0,99.99999808382488,0.0,0.0049222400108871
2238.5,159,1,60,0,-59,0.27635744,-0.1746975,0.0023179793234973,0.0,99.99999808382488,0.0,0.0049222400108871
2239.0,155,1,58,0,-57,1.1957451,-0.121527,0.0023179793234973,0.0,99.99999808382488,0.0,0.0049222400108871
2239.5,156,1,58,0,-57,1.0575534,-0.36601204,0.0023179793234973,0.0,99.99999808382488,0.0,0.0049222400108871
2240.0,156,1,58,0,-57,1.0575534,-0.36601204,0.0023179793234973,0.0,99.99999808382488,0.0,0.0049222400108871
2240.5,156,1,58,0,-57,0.83660126,-0.2803393,0.0023179793234973,0.0,99.99999808382488,0.0,0.0049222400108871
2241.0,155,1,57,0,-56,0.096786246,-0.6696244,0.0023179793234973,0.0,99.99999808382488,0.0,0.0049222400108871
2241.5,156,1,58,0,-57,0.8918761,-0.14429973,0.0023179793234973,0.0,99.99999808382488,0.0,0.0049222400108871
2242.0,157,1,59,0,-58,0.41622487,-0.614827,0.0023179793234973,0.0,99.99999808382488,0.0,0.0049222400108871
2242.5,157,1,59,0,-58,-0.3598493,0.018673316,0.0023179793234973,0.0,99.99999808382488,0.0,0.0049222400108871
2243.0,157,1,59,0,-58,0.4178995,-0.696114,0.0023179793234973,0.0,99.99999808382488,0.0,0.0049222400108871
2243.5,156,1,58,0,-57,1.0839242,-0.05144407,0.0023179793234973,0.0,99.99999808382488,0.0,0.0049222400108871
2244.0,156,1,58,0,-57,1.0839242,-0.05144407,0.0023179793234973,0.0,99.99999808382488,0.0,0.0049222400108871
2244.5,156,1,58,0,-57,1.0839242,-0.05144407,0.0023179793234973,0.0,99.99999808382488,0.0,0.0049222400108871
2245.0,157,1,59,0,-58,0.4178995,-0.696114,0.0023179793234973,0.0,99.99999808382488,0.0,0.0049222400108871
2245.5,157,1,59,0,-58,0.4178995,-0.696114,0.0023179793234973,0.0,99.99999808382488,0.0,0.0049222400108871
2246.0,157,1,59,0,-58,0.4178995,-0.696114,0.0023179793234973,0.0,99.99999808382488,0.0,0.0049222400108871
2246.5,157,1,59,0,-58,0.4178995,-0.696114,0.0023179793234973,0.0,99.99999808382488,0.0,0.0049222400108871
2247.0,157,1,59,0,-58,0.4178995,-0.696114,0.0023179793234973,0.0,99.99999808382488,0.0,0.0049222400108871
2247.5,157,1,59,0,-58,0.4178995,-0.696114,0.0023179793234973,0.0,99.99999808382488,0.0,0.0049222400108871
2248.0,158,1,60,0,-59,0.35685113,-0.28667688,0.0023179793234973,0.0,99.99999808382488,0.0,0.0049222400108871
2248.5,157,1,59,0,-58,0.99402654,-0.15470533,0.0023179793234973,0.0,99.99999808382488,0.0,0.0049222400108871
2249.0,158,1,60,0,-59,1.007101,-0.39168578,0.0023179793234973,0.0,99.99999808382488,0.0,0.0049222400108871
2249.5,159,1,61,0,-60,0.052988425,-0.5177214,0.0023179793234973,0.0,99.99999808382488,0.0,0.0049222400108871
2250.0,159,1,61,0,-60,0.052988425,-0.5177214,0.0023179793234973,0.0,99.99999808382488,0.0,0.0049222400108871
2250.5,155,1,58,0,-57,0.877895,-0.16797407,0.0023179793234973,0.0,99.99999808382488,0.0,0.0049222400108871
2251.0,155,1,58,0,-57,0.877895,-0.16797407,0.0023179793234973,0.0,99.99999808382488,0.0,0.0049222400108871
2251.5,155,1,58,0,-57,0.877895,-0.16797407,0.0023179793234973,0.0,99.99999808382488,0.0,0.0049222400108871
2252.0,155,1,58,0,-57,0.877895,-0.16797407,0.0023179793234973,0.0,99.99999808382488,0.0,0.0049222400108871
2252.5,155,1,58,0,-57,0.877895,-0.16797407,0.0023179793234973,0.0,99.99999808382488,0.0,0.0049222400108871
2253.0,155,1,58,0,-57,0.877895,-0.16797407,0.0023179793234973,0.0,99.99999808382488,0.0,0.0049222400108871
2253.5,155,1,58,0,-57,0.877895,-0.16797407,0.0023179793234973,0.0,99.99999808382488,0.0,0.0049222400108871
2254.0,158,1,60,0,-59,0.46362168,-0.42227238,0.0023179793234973,0.0,99.99999808382488,0.0,0.0049222400108871
2254.5,156,1,59,0,-58,-0.35612717,-0.7950348,0.0023179793234973,0.0,99.99999808382488,0.0,0.0049222400108871
2255.0,155,1,58,0,-57,0.387561,-0.50728667,0.0023179793234973,0.0,99.99999808382488,0.0,0.0049222400108871
2255.5,154,1,57,0,-56,0.2355373,-0.90226275,0.0023179793234973,0.0,99.99999808382488,0.0,0.0049222400108871
2256.0,154,1,57,0,-56,0.2355373,-0.90226275,0.0023179793234973,0.0,99.99999808382488,0.0,0.0049222400108871
2256.5,154,1,57,0,-56,0.2355373,-0.90226275,0.0023179793234973,0.0,99.99999808382488,0.0,0.0049222400108871
2257.0,155,1,58,0,-57,1.0420854,-0.16837142,0.0023179793234973,0.0,99.99999808382488,0.0,0.0049222400108871
2257.5,155,1,58,0,-57,1.0420854,-0.16837142,0.0023179793234973,0.0,99.99999808382488,0.0,0.0049222400108871
2258.0,155,1,58,0,-57,1.0420854,-0.16837142,0.0023179793234973,0.0,99.99999808382488,0.0,0.0049222400108871
2258.5,156,1,58,0,-57,0.23956442,0.0019607097,0.0023179793234973,0.0,99.99999808382488,0.0,0.0049222400108871
2259.0,156,1,58,0,-57,0.23956442,0.0019607097,0.0023179793234973,0.0,99.99999808382488,0.0,0.0049222400108871
2259.5,156,1,58,0,-57,0.23956442,0.0019607097,0.0023179793234973,0.0,99.99999808382488,0.0,0.0049222400108871
2260.0,157,1,59,0,-58,0.6118474,-0.6775133,0.0023179793234973,0.0,99.99999808382488,0.0,0.0049222400108871
2260.5,157,1,59,0,-58,0.6118474,-0.6775133,0.0023179793234973,0.0,99.99999808382488,0.0,0.0049222400108871
2261.0,156,1,59,0,-58,0.7594725,0.51528007,0.0023179793234973,0.0,99.99999808382488,0.0,0.0049222400108871
2261.5,156,1,59,0,-58,0.7594725,0.51528007,0.0023179793234973,0.0,99.99999808382488,0.0,0.0049222400108871
2262.0,155,1,58,0,-57,0.8629885,0.20883273,0.0023179793234973,0.0,99.99999808382488,0.0,0.0049222400108871
2262.5,154,1,57,0,-56,0.22765289,0.061614305,0.0023179793234973,0.0,99.99999808382488,0.0,0.0049222400108871
2263.0,155,1,58,0,-57,0.8246267,0.29012334,0.0023179793234973,0.0,99.99999808382488,0.0,0.0049222400108871
2263.5,155,1,58,0,-57,0.9866867,-0.3219136,0.0023179793234973,0.0,99.99999808382488,0.0,0.0049222400108871
2264.0,154,1,57,0,-56,1.2840835,-0.39638716,0.0023179793234973,0.0,99.99999808382488,0.0,0.0049222400108871
2264.5,154,1,57,0,-56,1.2840835,-0.39638716,0.0023179793234973,0.0,99.99999808382488,0.0,0.0049222400108871
2265.0,155,1,57,0,-56,1.0205554,-0.068845645,0.0023179793234973,0.0,99.99999808382488,0.0,0.0049222400108871
2265.5,156,1,58,0,-57,0.64230347,-0.8075952,0.0023179793234973,0.0,99.99999808382488,0.0,0.0049222400108871
2266.0,156,1,58,0,-57,0.64230347,-0.8075952,0.0023179793234973,0.0,99.99999808382488,0.0,0.0049222400108871
2266.5,156,1,58,0,-57,0.64230347,-0.8075952,0.0023179793234973,0.0,99.99999808382488,0.0,0.0049222400108871
2267.0,157,1,58,0,-57,0.24336195,0.16257352,0.0023179793234973,0.0,99.99999808382488,0.0,0.0049222400108871
2267.5,157,1,58,0,-57,0.24336195,0.16257352,0.0023179793234973,0.0,99.99999808382488,0.0,0.0049222400108871
2268.0,156,1,58,0,-57,-0.60637367,-0.50250095,0.0023179793234973,0.0,99.99999808382488,0.0,0.0049222400108871
2268.5,157,1,59,0,-58,0.6191305,-0.9249005,0.0023179793234973,0.0,99.99999808382488,0.0,0.0049222400108871
2269.0,158,1,60,0,-59,-0.06812641,-0.776534,0.0023179793234973,0.0,99.99999808382488,0.0,0.0049222400108871
2269.5,158,1,60,0,-59,-0.45739165,-0.8203539,0.0023179793234973,0.0,99.99999808382488,0.0,0.0049222400108871
2270.0,158,1,60,0,-59,-0.45739165,-0.8203539,0.0023179793234973,0.0,99.99999808382488,0.0,0.0049222400108871
2270.5,158,1,60,0,-59,0.07917133,-0.19598229,0.0023179793234973,0.0,99.99999808382488,0.0,0.0049222400108871
2271.0,158,1,60,0,-59,0.07917133,-0.19598229,0.0023179793234973,0.0,99.99999808382488,0.0,0.0049222400108871
2271.5,157,1,60,0,-59,0.5368415,-0.3167563,0.0023179793234973,0.0,99.99999808382488,0.0,0.0049222400108871
2272.0,158,1,61,0,-60,0.07808164,-0.86905104,0.0023179793234973,0.0,99.99999808382488,0.0,0.0049222400108871
2272.5,157,1,60,0,-59,-0.37408498,-0.46977484,0.0023179793234973,0.0,99.99999808382488,0.0,0.0049222400108871
2273.0,157,1,60,0,-59,-0.37408498,-0.46977484,0.0023179793234973,0.0,99.99999808382488,0.0,0.0049222400108871
2273.5,158,1,61,0,-60,-0.81187177,-0.16214268,0.0023179793234973,0.0,99.99999808382488,0.0,0.0049222400108871
2274.0,158,1,61,0,-60,-0.81187177,-0.16214268,0.0023179793234973,0.0,99.99999808382488,0.0,0.0049222400108871
2274.5,159,1,62,0,-61,-0.76687217,-0.4962682,0.0023179793234973,0.0,99.99999808382488,0.0,0.0049222400108871
2275.0,159,1,62,0,-61,-0.76687217,-0.4962682,0.0023179793234973,0.0,99.99999808382488,0.0,0.0049222400108871
2275.5,158,1,62,0,-61,-0.5422604,0.35974586,0.0023179793234973,0.0,99.99999808382488,0.0,0.0049222400108871
2276.0,158,1,62,0,-61,-0.5422604,0.35974586,0.0023179793234973,0.0,99.99999808382488,0.0,0.0049222400108871
2276.5,158,1,62,0,-61,-0.5422604,0.35974586,0.0023179793234973,0.0,99.99999808382488,0.0,0.0049222400108871
2277.0,157,1,61,0,-60,-0.1942249,-0.38480467,0.0023179793234973,0.0,99.99999808382488,0.0,0.0049222400108871
2277.5,157,1,61,0,-60,-0.1942249,-0.38480467,0.0023179793234973,0.0,99.99999808382488,0.0,0.0049222400108871
2278.0,158,1,61,0,-60,-0.68127465,0.46809143,0.0023179793234973,0.0,99.99999808382488,0.0,0.0049222400108871
2278.5,158,1,61,0,-60,-0.68127465,0.46809143,0.0023179793234973,0.0,99.99999808382488,0.0,0.0049222400108871
2279.0,157,1,60,0,-59,-0.8642831,0.49167538,0.0023179793234973,0.0,99.99999808382488,0.0,0.0049222400108871
2279.5,157,1,60,0,-59,-0.8642831,0.49167538,0.0023179793234973,0.0,99.99999808382488,0.0,0.0049222400108871
2280.0,158,1,61,0,-60,-0.74805224,0.16812314,0.0023179793234973,0.0,99.99999808382488,0.0,0.0049222400108871
2280.5,158,1,61,0,-60,-0.74805224,0.16812314,0.0023179793234973,0.0,99.99999808382488,0.0,0.0049222400108871
2281.0,158,1,61,0,-60,-0.74805224,0.16812314,0.0023179793234973,0.0,99.99999808382488,0.0,0.0049222400108871
2281.5,161,1,63,0,-62,-0.04472661,0.08280134,0.0023179793234973,0.0,99.99999808382488,0.0,0.0049222400108871
2282.0,161,1,63,0,-62,-0.04472661,0.08280134,0.0023179793234973,0.0,99.99999808382488,0.0,0.0049222400108871
2282.5,161,1,63,0,-62,-0.04472661,0.08280134,0.0023179793234973,0.0,99.99999808382488,0.0,0.0049222400108871
2283.0,161,1,63,0,-62,-0.04472661,0.08280134,0.0023179793234973,0.0,99.99999808382488,0.0,0.0049222400108871
2283.5,162,1,64,0,-63,-0.19250369,0.3352966,0.0023179793234973,0.0,99.99999808382488,0.0,0.0049222400108871
2284.0,161,1,63,0,-62,0.21743327,0.05845508,0.0023179793234973,0.0,99.99999808382488,0.0,0.0049222400108871
2284.5,161,1,63,0,-62,0.21743327,0.05845508,0.0023179793234973,0.0,99.99999808382488,0.0,0.0049222400108871
2285.0,160,1,63,0,-62,-0.65459,-0.17069887,0.0023179793234973,0.0,99.99999808382488,0.0,0.0049222400108871
2285.5,159,1,62,0,-61,0.09793671,-0.8927669,0.0023179793234973,0.0,99.99999808382488,0.0,0.0049222400108871
2286.0,159,1,62,0,-61,0.09793671,-0.8927669,0.0023179793234973,0.0,99.99999808382488,0.0,0.0049222400108871
2286.5,159,1,62,0,-61,-0.30733213,-0.5848978,0.0023179793234973,0.0,99.99999808382488,0.0,0.0049222400108871
2287.0,158,1,61,0,-60,0.13843651,-0.39908344,0.0023179793234973,0.0,99.99999808382488,0.0,0.0049222400108871
2287.5,158,1,60,0,-59,0.48897356,-0.18872415,0.0023179793234973,0.0,99.99999808382488,0.0,0.0049222400108871
2288.0,159,1,61,0,-60,0.15854323,-0.28504425,0.0023179793234973,0.0,99.99999808382488,0.0,0.0049222400108871
2288.5,157,1,59,0,-58,-0.014296323,-0.15712325,0.0023179793234973,0.0,99.99999808382488,0.0,0.0049222400108871
2289.0,155,1,57,0,-56,-0.36296776,0.6167749,0.0023179793234973,0.0,99.99999808382488,0.0,0.0049222400108871
2289.5,155,1,58,0,-57,0.21499652,0.09359086,0.0023179793234973,0.0,99.99999808382488,0.0,0.0049222400108871
2290.0,155,1,58,0,-57,0.21499652,0.09359086,0.0023179793234973,0.0,99.99999808382488,0.0,0.0049222400108871
2290.5,155,1,58,0,-57,0.21499652,0.09359086,0.0023179793234973,0.0,99.99999808382488,0.0,0.0049222400108871
2291.0,155,1,58,0,-57,0.21499652,0.09359086,0.0023179793234973,0.0,99.99999808382488,0.0,0.0049222400108871
2291.5,155,1,58,0,-57,0.21499652,0.09359086,0.0023179793234973,0.0,99.99999808382488,0.0,0.0049222400108871
2292.0,157,1,60,0,-59,-0.41257957,0.43105432,0.0023179793234973,0.0,99.99999808382488,0.0,0.0049222400108871
2292.5,157,1,60,0,-59,-0.41257957,0.43105432,0.0023179793234973,0.0,99.99999808382488,0.0,0.0049222400108871
2293.0,158,1,60,0,-59,-0.25422323,-0.39412934,0.0023179793234973,0.0,99.99999808382488,0.0,0.0049222400108871
2293.5,157,1,59,0,-58,-0.09159121,-0.6013226,0.0023179793234973,0.0,99.99999808382488,0.0,0.0049222400108871
2294.0,156,1,58,0,-57,-0.77978456,0.18419087,0.0023179793234973,0.0,99.99999808382488,0.0,0.0049222400108871
2294.5,155,1,58,0,-57,-0.6313666,0.32107097,0.0023179793234973,0.0,99.99999808382488,0.0,0.0049222400108871
2295.0,153,1,56,0,-55,-0.122184634,0.6171804,0.0023179793234973,0.0,99.99999808382488,0.0,0.0049222400108871
2295.5,152,1,55,0,-54,-0.116692275,0.47798514,0.0023179793234973,0.0,99.99999808382488,0.0,0.0049222400108871
2296.0,152,1,55,0,-54,-0.116692275,0.47798514,0.0023179793234973,0.0,99.99999808382488,0.0,0.0049222400108871
2296.5,152,1,55,0,-54,-0.116692275,0.47798514,0.0023179793234973,0.0,99.99999808382488,0.0,0.0049222400108871
2297.0,155,1,56,0,-55,-0.8354616,0.3635311,0.0023179793234973,0.0,99.99999808382488,0.0,0.0049222400108871
2297.5,155,1,56,0,-55,-0.8354616,0.3635311,0.0023179793234973,0.0,99.99999808382488,0.0,0.0049222400108871
2298.0,156,1,57,0,-56,-0.45732978,-0.7565878,0.0023179793234973,0.0,99.99999808382488,0.0,0.0049222400108871
2298.5,158,1,59,0,-58,0.34682816,-0.9140863,0.0023179793234973,0.0,99.99999808382488,0.0,0.0049222400108871
2299.0,159,1,60,0,-59,0.46884823,0.11661821,0.0023179793234973,0.0,99.99999808382488,0.0,0.0049222400108871
2299.5,159,1,60,0,-59,0.46884823,0.11661821,0.0023179793234973,0.0,99.99999808382488,0.0,0.0049222400108871
2300.0,159,1,60,0,-59,0.46884823,0.11661821,0.0023179793234973,0.0,99.99999808382488,0.0,0.0049222400108871
2300.5,160,1,61,0,-60,-0.63347054,0.5128664,0.0023179793234973,0.0,99.99999808382488,0.0,0.0049222400108871
2301.0,161,1,62,0,-61,-0.3292419,-0.06834118,0.0023179793234973,0.0,99.99999808382488,0.0,0.0049222400108871
2301.5,161,1,62,0,-61,-0.3292419,-0.06834118,0.0023179793234973,0.0,99.99999808382488,0.0,0.0049222400108871
2302.0,161,1,62,0,-61,-0.3292419,-0.06834118,0.0023179793234973,0.0,99.99999808382488,0.0,0.0049222400108871
2302.5,161,1,62,0,-61,-0.3292419,-0.06834118,0.0023179793234973,0.0,99.99999808382488,0.0,0.0049222400108871
2303.0,160,1,61,0,-60,-0.741346,0.19255362,0.0023179793234973,0.0,99.99999808382488,0.0,0.0049222400108871
2303.5,161,1,62,0,-61,-0.34287384,-0.5575438,0.0023179793234973,0.0,99.99999808382488,0.0,0.0049222400108871
2304.0,160,1,62,0,-61,-0.58552134,0.29865643,0.0023179793234973,0.0,99.99999808382488,0.0,0.0049222400108871
2304.5,160,1,62,0,-61,-0.58552134,0.29865643,0.0023179793234973,0.0,99.99999808382488,0.0,0.0049222400108871
2305.0,160,1,62,0,-61,-0.58552134,0.29865643,0.0023179793234973,0.0,99.99999808382488,0.0,0.0049222400108871
2305.5,160,1,62,0,-61,-0.58552134,0.29865643,0.0023179793234973,0.0,99.99999808382488,0.0,0.0049222400108871
2306.0,160,1,62,0,-61,-0.58552134,0.29865643,0.0023179793234973,0.0,99.99999808382488,0.0,0.0049222400108871
2306.5,160,1,62,0,-61,-0.58552134,0.29865643,0.0023179793234973,0.0,99.99999808382488,0.0,0.0049222400108871
2307.0,160,1,62,0,-61,-0.58552134,0.29865643,0.0023179793234973,0.0,99.99999808382488,0.0,0.0049222400108871
2307.5,161,1,63,0,-62,0.31908336,0.2063924,0.0023179793234973,0.0,99.99999808382488,0.0,0.0049222400108871
2308.0,161,1,63,0,-62,0.31908336,0.2063924,0.0023179793234973,0.0,99.99999808382488,0.0,0.0049222400108871
2308.5,162,1,64,0,-63,0.5398301,0.39506257,0.0023179793234973,0.0,99.99999808382488,0.0,0.0049222400108871
2309.0,161,1,63,0,-62,0.2229763,-0.24004166,0.0023179793234973,0.0,99.99999808382488,0.0,0.0049222400108871
2309.5,161,1,63,0,-62,0.2229763,-0.24004166,0.0023179793234973,0.0,99.99999808382488,0.0,0.0049222400108871
2310.0,161,1,63,0,-62,0.2229763,-0.24004166,0.0023179793234973,0.0,99.99999808382488,0.0,0.0049222400108871
2310.5,160,1,62,0,-61,0.030204505,-0.03216593,0.0023179793234973,0.0,99.99999808382488,0.0,0.0049222400108871
2311.0,160,1,61,0,-60,0.2603741,-0.05861695,0.0023179793234973,0.0,99.99999808382488,0.0,0.0049222400108871
2311.5,163,1,61,0,-60,0.24746123,0.15578109,0.0023179793234973,0.0,99.99999808382488,0.0,0.0049222400108871
2312.0,163,1,61,0,-60,0.24746123,0.15578109,0.0023179793234973,0.0,99.99999808382488,0.0,0.0049222400108871
2312.5,163,1,61,0,-60,0.24746123,0.15578109,0.0023179793234973,0.0,99.99999808382488,0.0,0.0049222400108871
2313.0,161,1,59,0,-58,0.22137953,-0.30518895,0.0023179793234973,0.0,99.99999808382488,0.0,0.0049222400108871
2313.5,160,1,58,0,-57,-0.05496669,0.136012,0.0023179793234973,0.0,99.99999808382488,0.0,0.0049222400108871
2314.0,161,1,58,0,-57,-0.38495067,-0.09930833,0.0023179793234973,0.0,99.99999808382488,0.0,0.0049222400108871
2314.5,161,1,58,0,-57,-0.1154249,0.6265259,0.0023179793234973,0.0,99.99999808382488,0.0,0.0049222400108871
2315.0,161,1,58,0,-57,-0.1154249,0.6265259,0.0023179793234973,0.0,99.99999808382488,0.0,0.0049222400108871
2315.5,161,1,58,0,-57,-0.1154249,0.6265259,0.0023179793234973,0.0,99.99999808382488,0.0,0.0049222400108871
2316.0,161,1,58,0,-57,-0.82815635,-0.4091317,0.0023179793234973,0.0,99.99999808382488,0.0,0.0049222400108871
2316.5,161,1,59,0,-58,-0.036943465,0.43316594,0.0023179793234973,0.0,99.99999808382488,0.0,0.0049222400108871
2317.0,161,1,59,0,-58,-0.036943465,0.43316594,0.0023179793234973,0.0,99.99999808382488,0.0,0.0049222400108871
2317.5,161,1,59,0,-58,-0.036943465,0.43316594,0.0023179793234973,0.0,99.99999808382488,0.0,0.0049222400108871
2318.0,161,1,59,0,-58,-0.036943465,0.43316594,0.0023179793234973,0.0,99.99999808382488,0.0,0.0049222400108871
2318.5,162,1,60,0,-59,0.46908504,0.12604755,0.0023179793234973,0.0,99.99999808382488,0.0,0.0049222400108871
2319.0,160,1,59,0,-58,-0.032144487,0.06822938,0.0023179793234973,0.0,99.99999808382488,0.0,0.0049222400108871
2319.5,160,1,59,0,-58,-0.032144487,0.06822938,0.0023179793234973,0.0,99.99999808382488,0.0,0.0049222400108871
2320.0,160,1,59,0,-58,-0.032144487,0.06822938,0.0023179793234973,0.0,99.99999808382488,0.0,0.0049222400108871
2320.5,160,1,59,0,-58,-0.032144487,0.06822938,0.0023179793234973,0.0,99.99999808382488,0.0,0.0049222400108871
2321.0,160,1,59,0,-58,-0.032144487,0.06822938,0.0023179793234973,0.0,99.99999808382488,0.0,0.0049222400108871
2321.5,158,1,57,0,-56,-0.460439,0.08142252,0.0023179793234973,0.0,99.99999808382488,0.0,0.0049222400108871
2322.0,157,1,56,0,-55,-0.48672792,-0.54378337,0.0023179793234973,0.0,99.99999808382488,0.0,0.0049222400108871
2322.5,157,1,56,0,-55,-0.48672792,-0.54378337,0.0023179793234973,0.0,99.99999808382488,0.0,0.0049222400108871
2323.0,157,1,56,0,-55,-0.48672792,-0.54378337,0.0023179793234973,0.0,99.99999808382488,0.0,0.0049222400108871
2323.5,157,1,56,0,-55,-0.48672792,-0.54378337,0.0023179793234973,0.0,99.99999808382488,0.0,0.0049222400108871
2324.0,158,1,57,0,-56,-0.4457079,-0.14065538,0.0023179793234973,0.0,99.99999808382488,0.0,0.0049222400108871
2324.5,159,1,58,0,-57,-0.40602896,-0.16505508,0.0023179793234973,0.0,99.99999808382488,0.0,0.0049222400108871
2325.0,159,1,58,0,-57,-0.40602896,-0.16505508,0.0023179793234973,0.0,99.99999808382488,0.0,0.0049222400108871
2325.5,157,1,56,0,-55,0.5150503,-0.30940557,0.0023179793234973,0.0,99.99999808382488,0.0,0.0049222400108871
2326.0,156,1,55,0,-54,0.19075164,-0.67271745,0.0023179793234973,0.0,99.99999808382488,0.0,0.0049222400108871
2326.5,156,1,55,0,-54,0.19075164,-0.67271745,0.0023179793234973,0.0,99.99999808382488,0.0,0.0049222400108871
2327.0,156,1,55,0,-54,0.19075164,-0.67271745,0.0023179793234973,0.0,99.99999808382488,0.0,0.0049222400108871
2327.5,156,1,55,0,-54,0.19075164,-0.67271745,0.0023179793234973,0.0,99.99999808382488,0.0,0.0049222400108871
2328.0,156,1,55,0,-54,0.19075164,-0.67271745,0.0023179793234973,0.0,99.99999808382488,0.0,0.0049222400108871
2328.5,155,1,54,0,-53,0.14197221,0.71740025,0.0023179793234973,0.0,99.99999808382488,0.0,0.0049222400108871
2329.0,154,1,54,0,-53,0.90241504,0.2467044,0.0023179793234973,0.0,99.99999808382488,0.0,0.0049222400108871
2329.5,154,1,54,0,-53,0.90241504,0.2467044,0.0023179793234973,0.0,99.99999808382488,0.0,0.0049222400108871
2330.0,155,1,54,0,-53,0.8071281,0.13716738,0.0023179793234973,0.0,99.99999808382488,0.0,0.0049222400108871
2330.5,156,1,55,0,-54,-0.5346645,-0.1427197,0.0023179793234973,0.0,99.99999808382488,0.0,0.0049222400108871
2331.0,157,1,56,0,-55,0.5041405,-0.1894014,0.0023179793234973,0.0,99.99999808382488,0.0,0.0049222400108871
2331.5,157,1,56,0,-55,0.5041405,-0.1894014,0.0023179793234973,0.0,99.99999808382488,0.0,0.0049222400108871
2332.0,158,1,56,0,-55,-0.35251376,0.63380504,0.0023179793234973,0.0,99.99999808382488,0.0,0.0049222400108871
2332.5,158,1,56,0,-55,-0.35251376,0.63380504,0.0023179793234973,0.0,99.99999808382488,0.0,0.0049222400108871
2333.0,158,1,56,0,-55,-0.35251376,0.63380504,0.0023179793234973,0.0,99.99999808382488,0.0,0.0049222400108871
2333.5,160,1,58,0,-57,-0.52390444,0.060729668,0.0023179793234973,0.0,99.99999808382488,0.0,0.0049222400108871
2334.0,161,1,59,0,-58,-0.37996748,-0.17276858,0.0023179793234973,0.0,99.99999808382488,0.0,0.0049222400108871
2334.5,161,1,59,0,-58,-0.37996748,-0.17276858,0.0023179793234973,0.0,99.99999808382488,0.0,0.0049222400108871
2335.0,161,1,59,0,-58,-0.37996748,-0.17276858,0.0023179793234973,0.0,99.99999808382488,0.0,0.0049222400108871
2335.5,162,1,60,0,-59,-0.75275564,-0.36539692,0.0023179793234973,0.0,99.99999808382488,0.0,0.0049222400108871
2336.0,163,1,61,0,-60,-0.35272184,0.0687768,0.0023179793234973,0.0,99.99999808382488,0.0,0.0049222400108871
2336.5,163,1,61,0,-60,-0.23416016,-0.3714289,0.0023179793234973,0.0,99.99999808382488,0.0,0.0049222400108871
2337.0,162,1,61,0,-60,-0.338604,-0.51647985,0.0023179793234973,0.0,99.99999808382488,0.0,0.0049222400108871
2337.5,162,1,61,0,-60,-0.338604,-0.51647985,0.0023179793234973,0.0,99.99999808382488,0.0,0.0049222400108871
2338.0,162,1,61,0,-60,-0.338604,-0.51647985,0.0023179793234973,0.0,99.99999808382488,0.0,0.0049222400108871
2338.5,163,1,61,0,-60,-0.3887019,-0.05300261,0.0023179793234973,0.0,99.99999808382488,0.0,0.0049222400108871
2339.0,163,1,61,0,-60,-0.3887019,-0.05300261,0.0023179793234973,0.0,99.99999808382488,0.0,0.0049222400108871
2339.5,163,1,61,0,-60,-0.9725473,-0.16042797,0.0023179793234973,0.0,99.99999808382488,0.0,0.0049222400108871
2340.0,163,1,61,0,-60,-0.9725473,-0.16042797,0.0023179793234973,0.0,99.99999808382488,0.0,0.0049222400108871
2340.5,163,1,61,0,-60,-0.9725473,-0.16042797,0.0023179793234973,0.0,99.99999808382488,0.0,0.0049222400108871
2341.0,163,1,61,0,-60,-0.9725473,-0.16042797,0.0023179793234973,0.0,99.99999808382488,0.0,0.0049222400108871
2341.5,164,1,62,0,-61,-0.8473331,-0.13185544,0.0023179793234973,0.0,99.99999808382488,0.0,0.0049222400108871
2342.0,164,1,62,0,-61,-0.8473331,-0.13185544,0.0023179793234973,0.0,99.99999808382488,0.0,0.0049222400108871
2342.5,163,1,62,0,-61,-0.7705089,0.13344693,0.0023179793234973,0.0,99.99999808382488,0.0,0.0049222400108871
2343.0,163,1,63,0,-62,-0.83012986,0.4062013,0.0023179793234973,0.0,99.99999808382488,0.0,0.0049222400108871
2343.5,163,1,63,0,-62,-0.83012986,0.4062013,0.0023179793234973,0.0,99.99999808382488,0.0,0.0049222400108871
2344.0,163,1,63,0,-62,-0.83012986,0.4062013,0.0023179793234973,0.0,99.99999808382488,0.0,0.0049222400108871
2344.5,163,1,63,0,-62,-0.32164076,0.10674542,0.0023179793234973,0.0,99.99999808382488,0.0,0.0049222400108871
2345.0,163,1,63,0,-62,-0.32164076,0.10674542,0.0023179793234973,0.0,99.99999808382488,0.0,0.0049222400108871
2345.5,162,1,62,0,-61,0.05968094,-0.35126352,0.0023179793234973,0.0,99.99999808382488,0.0,0.0049222400108871
2346.0,162,1,62,0,-61,0.05968094,-0.35126352,0.0023179793234973,0.0,99.99999808382488,0.0,0.0049222400108871
2346.5,160,1,60,0,-59,-0.13908193,-0.05755858,0.0023179793234973,0.0,99.99999808382488,0.0,0.0049222400108871
2347.0,161,1,61,0,-60,0.006655991,0.14669825,0.0023179793234973,0.0,99.99999808382488,0.0,0.0049222400108871
2347.5,161,1,60,0,-59,-0.31163916,-0.14172004,0.0023179793234973,0.0,99.99999808382488,0.0,0.0049222400108871
2348.0,161,1,60,0,-59,-0.31163916,-0.14172004,0.0023179793234973,0.0,99.99999808382488,0.0,0.0049222400108871
2348.5,161,1,60,0,-59,-0.31163916,-0.14172004,0.0023179793234973,0.0,99.99999808382488,0.0,0.0049222400108871
2349.0,161,1,61,0,-60,-0.49455217,-0.63204235,0.0023179793234973,0.0,99.99999808382488,0.0,0.0049222400108871
2349.5,162,1,61,0,-60,-0.60508823,0.036540642,0.0023179793234973,0.0,99.99999808382488,0.0,0.0049222400108871
2350.0,162,1,61,0,-60,-0.60508823,0.036540642,0.0023179793234973,0.0,99.99999808382488,0.0,0.0049222400108871
2350.5,162,1,61,0,-60,-0.60508823,0.036540642,0.0023179793234973,0.0,99.99999808382488,0.0,0.0049222400108871
2351.0,162,1,61,0,-60,-0.60508823,0.036540642,0.0023179793234973,0.0,99.99999808382488,0.0,0.0049222400108871
2351.5,162,1,61,0,-60,-0.60508823,0.036540642,0.0023179793234973,0.0,99.99999808382488,0.0,0.0049222400108871
2352.0,163,1,62,0,-61,-0.22404578,0.44829538,0.0023179793234973,0.0,99.99999808382488,0.0,0.0049222400108871
2352.5,162,1,61,0,-60,-0.45475736,-0.3822177,0.0023179793234973,0.0,99.99999808382488,0.0,0.0049222400108871
2353.0,162,1,61,0,-60,-0.45475736,-0.3822177,0.0023179793234973,0.0,99.99999808382488,0.0,0.0049222400108871
2353.5,163,1,62,0,-61,-0.61873317,-0.49670476,0.0023179793234973,0.0,99.99999808382488,0.0,0.0049222400108871
2354.0,162,1,62,0,-61,-0.72127104,-0.1685483,0.0023179793234973,0.0,99.99999808382488,0.0,0.0049222400108871
2354.5,162,1,62,0,-61,-0.72127104,-0.1685483,0.0023179793234973,0.0,99.99999808382488,0.0,0.0049222400108871
2355.0,163,1,63,0,-62,0.26595378,-0.20323573,0.0023179793234973,0.0,99.99999808382488,0.0,0.0049222400108871
2355.5,163,1,63,0,-62,0.26595378,-0.20323573,0.0023179793234973,0.0,99.99999808382488,0.0,0.0049222400108871
2356.0,162,1,62,0,-61,-0.3857287,-0.46460873,0.0023179793234973,0.0,99.99999808382488,0.0,0.0049222400108871
2356.5,162,1,62,0,-61,0.44374913,-0.68237424,0.0023179793234973,0.0,99.99999808382488,0.0,0.0049222400108871
2357.0,162,1,62,0,-61,0.44374913,-0.68237424,0.0023179793234973,0.0,99.99999808382488,0.0,0.0049222400108871
2357.5,161,1,61,0,-60,0.5922299,-0.6999685,0.0023179793234973,0.0,99.99999808382488,0.0,0.0049222400108871
2358.0,162,1,61,0,-60,0.56216383,-0.9783136,0.0023179793234973,0.0,99.99999808382488,0.0,0.0049222400108871
2358.5,163,1,62,0,-61,0.06284742,-0.30183274,0.0023179793234973,0.0,99.99999808382488,0.0,0.0049222400108871
2359.0,164,1,63,0,-62,-0.20402536,-0.28416437,0.0023179793234973,0.0,99.99999808382488,0.0,0.0049222400108871
2359.5,165,1,64,0,-63,-0.6540508,0.21751738,0.0023179793234973,0.0,99.99999808382488,0.0,0.0049222400108871
2360.0,165,1,64,0,-63,-0.6540508,0.21751738,0.0023179793234973,0.0,99.99999808382488,0.0,0.0049222400108871
2360.5,165,1,64,0,-63,-0.6540508,0.21751738,0.0023179793234973,0.0,99.99999808382488,0.0,0.0049222400108871
2361.0,166,1,65,0,-64,-0.40169665,-0.7720518,0.0023179793234973,0.0,99.99999808382488,0.0,0.0049222400108871
2361.5,166,1,65,0,-64,-0.40169665,-0.7720518,0.0023179793234973,0.0,99.99999808382488,0.0,0.0049222400108871
2362.0,167,1,66,0,-65,-0.067828804,-0.1536855,0.0023179793234973,0.0,99.99999808382488,0.0,0.0049222400108871
2362.5,166,1,66,0,-65,-0.5460634,-0.5704517,0.0023179793234973,0.0,99.99999808382488,0.0,0.0049222400108871
2363.0,164,1,65,0,-64,0.04742846,0.1165626,0.0023179793234973,0.0,99.99999808382488,0.0,0.0049222400108871
2363.5,162,1,64,0,-63,-0.28211698,-0.21481524,0.0023179793234973,0.0,99.99999808382488,0.0,0.0049222400108871
2364.0,162,1,64,0,-63,-0.28211698,-0.21481524,0.0023179793234973,0.0,99.99999808382488,0.0,0.0049222400108871
2364.5,163,1,65,0,-64,0.7170942,0.7267401,0.0023179793234973,0.0,99.99999808382488,0.0,0.0049222400108871
2365.0,164,1,65,0,-64,1.1546799,-0.11899437,0.0023179793234973,0.0,99.99999808382488,0.0,0.0049222400108871
2365.5,164,1,65,0,-64,1.1546799,-0.11899437,0.0023179793234973,0.0,99.99999808382488,0.0,0.0049222400108871
2366.0,166,1,67,0,-66,0.8574251,-0.12614112,0.0023179793234973,0.0,99.99999808382488,0.0,0.0049222400108871
2366.5,166,1,67,0,-66,0.8574251,-0.12614112,0.0023179793234973,0.0,99.99999808382488,0.0,0.0049222400108871
2367.0,165,1,66,0,-65,0.93116105,-0.2877261,0.0023179793234973,0.0,99.99999808382488,0.0,0.0049222400108871
2367.5,165,1,66,0,-65,0.93116105,-0.2877261,0.0023179793234973,0.0,99.99999808382488,0.0,0.0049222400108871
2368.0,165,1,66,0,-65,0.93116105,-0.2877261,0.0023179793234973,0.0,99.99999808382488,0.0,0.0049222400108871
2368.5,165,1,66,0,-65,0.93116105,-0.2877261,0.0023179793234973,0.0,99.99999808382488,0.0,0.0049222400108871
2369.0,164,1,65,0,-64,0.74589276,0.58148223,0.0023179793234973,0.0,99.99999808382488,0.0,0.0049222400108871
2369.5,164,1,65,0,-64,0.74589276,0.58148223,0.0023179793234973,0.0,99.99999808382488,0.0,0.0049222400108871
2370.0,163,1,64,0,-63,0.7440394,0.81285846,0.0023179793234973,0.0,99.99999808382488,0.0,0.0049222400108871
2370.5,162,1,64,0,-63,-0.41076544,0.14157887,0.0023179793234973,0.0,99.99999808382488,0.0,0.0049222400108871
2371.0,162,1,64,0,-63,-0.41076544,0.14157887,0.0023179793234973,0.0,99.99999808382488,0.0,0.0049222400108871
2371.5,162,1,64,0,-63,-0.41076544,0.14157887,0.0023179793234973,0.0,99.99999808382488,0.0,0.0049222400108871
2372.0,162,1,64,0,-63,-0.41076544,0.14157887,0.0023179793234973,0.0,99.99999808382488,0.0,0.0049222400108871
2372.5,162,1,64,0,-63,-0.41076544,0.14157887,0.0023179793234973,0.0,99.99999808382488,0.0,0.0049222400108871
2373.0,162,1,64,0,-63,-0.41076544,0.14157887,0.0023179793234973,0.0,99.99999808382488,0.0,0.0049222400108871
2373.5,160,1,62,0,-61,-0.6983278,-0.17175533,0.0023179793234973,0.0,99.99999808382488,0.0,0.0049222400108871
2374.0,160,1,62,0,-61,-0.6983278,-0.17175533,0.0023179793234973,0.0,99.99999808382488,0.0,0.0049222400108871
2374.5,160,1,62,0,-61,-0.6983278,-0.17175533,0.0023179793234973,0.0,99.99999808382488,0.0,0.0049222400108871
2375.0,159,1,61,0,-60,-0.034870297,-0.070656374,0.0023179793234973,0.0,99.99999808382488,0.0,0.0049222400108871
2375.5,160,1,62,0,-61,-0.083793014,0.10461457,0.0023179793234973,0.0,99.99999808382488,0.0,0.0049222400108871
2376.0,160,1,61,0,-60,-0.7191539,0.2188209,0.0023179793234973,0.0,99.99999808382488,0.0,0.0049222400108871
2376.5,160,1,61,0,-60,-0.7191539,0.2188209,0.0023179793234973,0.0,99.99999808382488,0.0,0.0049222400108871
2377.0,160,1,61,0,-60,-0.7191539,0.2188209,0.0023179793234973,0.0,99.99999808382488,0.0,0.0049222400108871
2377.5,161,1,62,0,-61,-1.0187283,0.3460507,0.0023179793234973,0.0,99.99999808382488,0.0,0.0049222400108871
2378.0,161,1,62,0,-61,-1.0187283,0.3460507,0.0023179793234973,0.0,99.99999808382488,0.0,0.0049222400108871
2378.5,161,1,62,0,-61,-1.0187283,0.3460507,0.0023179793234973,0.0,99.99999808382488,0.0,0.0049222400108871
2379.0,162,1,63,0,-62,-0.61321974,-0.60677767,0.0023179793234973,0.0,99.99999808382488,0.0,0.0049222400108871
2379.5,163,1,64,0,-63,-0.8508973,0.061330408,0.0023179793234973,0.0,99.99999808382488,0.0,0.0049222400108871
2380.0,163,1,64,0,-63,-1.1103683,0.14613958,0.0023179793234973,0.0,99.99999808382488,0.0,0.0049222400108871
2380.5,163,1,64,0,-63,-1.1103683,0.14613958,0.0023179793234973,0.0,99.99999808382488,0.0,0.0049222400108871
2381.0,163,1,64,0,-63,-1.1103683,0.14613958,0.0023179793234973,0.0,99.99999808382488,0.0,0.0049222400108871
2381.5,163,1,64,0,-63,-1.1103683,0.14613958,0.0023179793234973,0.0,99.99999808382488,0.0,0.0049222400108871
2382.0,164,1,65,0,-64,-0.5622966,0.11678122,0.0023179793234973,0.0,99.99999808382488,0.0,0.0049222400108871
2382.5,165,1,66,0,-65,0.41137645,0.111497976,0.0023179793234973,0.0,99.99999808382488,0.0,0.0049222400108871
2383.0,164,1,65,0,-64,0.540414,-0.55750936,0.0023179793234973,0.0,99.99999808382488,0.0,0.0049222400108871
2383.5,165,1,66,0,-65,-0.020871386,-0.71207213,0.0023179793234973,0.0,99.99999808382488,0.0,0.0049222400108871
2384.0,163,1,65,0,-64,-0.36284855,-0.36879402,0.0023179793234973,0.0,99.99999808382488,0.0,0.0049222400108871
2384.5,162,1,64,0,-63,-0.6563958,-0.113321766,0.0023179793234973,0.0,99.99999808382488,0.0,0.0049222400108871
2385.0,162,1,64,0,-63,-0.6563958,-0.113321766,0.0023179793234973,0.0,99.99999808382488,0.0,0.0049222400108871
2385.5,161,1,63,0,-62,-0.060940087,-0.81932527,0.0023179793234973,0.0,99.99999808382488,0.0,0.0049222400108871
2386.0,161,1,63,0,-62,-0.060940087,-0.81932527,0.0023179793234973,0.0,99.99999808382488,0.0,0.0049222400108871
2386.5,161,1,63,0,-62,-0.060940087,-0.81932527,0.0023179793234973,0.0,99.99999808382488,0.0,0.0049222400108871
2387.0,160,1,62,0,-61,-0.25886175,-0.3210891,0.0023179793234973,0.0,99.99999808382488,0.0,0.0049222400108871
2387.5,158,1,61,0,-60,-0.63100016,0.9816293,0.0023179793234973,0.0,99.99999808382488,0.0,0.0049222400108871
2388.0,158,1,61,0,-60,-0.5338539,0.14184532,0.0023179793234973,0.0,99.99999808382488,0.0,0.0049222400108871
2388.5,158,1,61,0,-60,-0.5338539,0.14184532,0.0023179793234973,0.0,99.99999808382488,0.0,0.0049222400108871
2389.0,157,1,60,0,-59,-0.68721867,0.66587234,0.0023179793234973,0.0,99.99999808382488,0.0,0.0049222400108871
2389.5,158,1,61,0,-60,-1.1036482,0.4634074,0.0023179793234973,0.0,99.99999808382488,0.0,0.0049222400108871
2390.0,158,1,61,0,-60,-1.1036482,0.4634074,0.0023179793234973,0.0,99.99999808382488,0.0,0.0049222400108871
2390.5,157,1,60,0,-59,-1.0696814,0.67831564,0.0023179793234973,0.0,99.99999808382488,0.0,0.0049222400108871
2391.0,157,1,60,0,-59,-1.0696814,0.67831564,0.0023179793234973,0.0,99.99999808382488,0.0,0.0049222400108871
2391.5,157,1,60,0,-59,-0.12053248,-0.83638304,0.0023179793234973,0.0,99.99999808382488,0.0,0.0049222400108871
2392.0,157,1,61,0,-60,-0.6180364,-0.16385804,0.0023179793234973,0.0,99.99999808382488,0.0,0.0049222400108871
2392.5,157,1,61,0,-60,-0.7017293,-0.26987976,0.0023179793234973,0.0,99.99999808382488,0.0,0.0049222400108871
2393.0,157,1,61,0,-60,-0.7017293,-0.26987976,0.0023179793234973,0.0,99.99999808382488,0.0,0.0049222400108871
2393.5,157,1,61,0,-60,-0.71447265,-0.47611105,0.0023179793234973,0.0,99.99999808382488,0.0,0.0049222400108871
2394.0,156,1,60,0,-59,0.22875647,-0.7408566,0.0023179793234973,0.0,99.99999808382488,0.0,0.0049222400108871
2394.5,157,1,61,0,-60,0.33663988,-0.8245365,0.0023179793234973,0.0,99.99999808382488,0.0,0.0049222400108871
2395.0,158,1,62,0,-61,-0.19809264,-0.026253536,0.0023179793234973,0.0,99.99999808382488,0.0,0.0049222400108871
2395.5,159,1,63,0,-62,-0.23620716,0.16697773,0.0023179793234973,0.0,99.99999808382488,0.0,0.0049222400108871
2396.0,161,1,64,0,-63,-0.700737,-0.36768317,0.0023179793234973,0.0,99.99999808382488,0.0,0.0049222400108871
2396.5,167,1,68,0,-67,-0.04939738,0.78733015,0.0023179793234973,0.0,99.99999808382488,0.0,0.0049222400108871
2397.0,167,1,68,0,-67,-0.04939738,0.78733015,0.0023179793234973,0.0,99.99999808382488,0.0,0.0049222400108871
2397.5,166,1,67,0,-66,0.6077577,-1.0545691,0.0023179793234973,0.0,99.99999808382488,0.0,0.0049222400108871
2398.0,167,1,68,0,-67,0.18977493,-0.10630928,0.0023179793234973,0.0,99.99999808382488,0.0,0.0049222400108871
2398.5,162,1,65,0,-64,0.6764935,-0.15740047,0.0023179793234973,0.0,99.99999808382488,0.0,0.0049222400108871
2399.0,165,1,66,0,-65,-0.41289595,-0.49928474,0.0023179793234973,0.0,99.99999808382488,0.0,0.0049222400108871
2399.5,165,1,66,0,-65,-0.41289595,-0.49928474,0.0023179793234973,0.0,99.99999808382488,0.0,0.0049222400108871
2400.0,169,1,68,0,-67,0.1520322,-0.5427549,0.0023179793234973,0.0,99.99999808382488,0.0,0.0049222400108871
2400.5,170,1,68,0,-67,0.28025642,-0.15456302,0.0023179793234973,0.0,99.99999808382488,0.0,0.0049222400108871
2401.0,172,1,70,0,-69,-0.26235098,-0.2649774,0.0023179793234973,0.0,99.99999808382488,0.0,0.0049222400108871
2401.5,171,1,69,0,-68,0.10326364,-0.29067022,0.0023179793234973,0.0,99.99999808382488,0.0,0.0049222400108871
2402.0,172,1,70,0,-69,0.063358665,-0.09927033,0.0023179793234973,0.0,99.99999808382488,0.0,0.0049222400108871
2402.5,171,1,69,0,-68,-0.6996925,0.13903695,0.0023179793234973,0.0,99.99999808382488,0.0,0.0049222400108871
2403.0,166,1,66,0,-65,-0.45537928,-0.5590683,0.0023179793234973,0.0,99.99999808382488,0.0,0.0049222400108871
2403.5,165,1,66,0,-65,-0.2162424,0.04255724,0.0023179793234973,0.0,99.99999808382488,0.0,0.0049222400108871
2404.0,166,1,67,0,-66,-0.15276918,-0.70077926,0.0023179793234973,0.0,99.99999808382488,0.0,0.0049222400108871
2404.5,166,1,67,0,-66,-0.15276918,-0.70077926,0.0023179793234973,0.0,99.99999808382488,0.0,0.0049222400108871
2405.0,168,1,69,0,-68,-0.023807794,-0.5895222,0.0023179793234973,0.0,99.99999808382488,0.0,0.0049222400108871
2405.5,169,1,70,0,-69,-0.78714323,-0.2267416,0.0023179793234973,0.0,99.99999808382488,0.0,0.0049222400108871
2406.0,169,1,70,0,-69,-0.78714323,-0.2267416,0.0023179793234973,0.0,99.99999808382488,0.0,0.0049222400108871
2406.5,169,1,70,0,-69,-0.78714323,-0.2267416,0.0023179793234973,0.0,99.99999808382488,0.0,0.0049222400108871
2407.0,169,1,70,0,-69,-0.78714323,-0.2267416,0.0023179793234973,0.0,99.99999808382488,0.0,0.0049222400108871
2407.5,169,1,70,0,-69,-0.78714323,-0.2267416,0.0023179793234973,0.0,99.99999808382488,0.0,0.0049222400108871
2408.0,170,1,71,0,-70,0.31631592,-1.3165694,0.0023179793234973,0.0,99.99999808382488,0.0,0.0049222400108871
2408.5,169,1,70,0,-69,-0.22752059,-0.40866464,0.0023179793234973,0.0,99.99999808382488,0.0,0.0049222400108871
2409.0,169,1,70,0,-69,-0.22752059,-0.40866464,0.0023179793234973,0.0,99.99999808382488,0.0,0.0049222400108871
2409.5,168,1,70,0,-69,-0.16760007,-0.40083808,0.0023179793234973,0.0,99.99999808382488,0.0,0.0049222400108871
2410.0,168,1,70,0,-69,-0.16760007,-0.40083808,0.0023179793234973,0.0,99.99999808382488,0.0,0.0049222400108871
2410.5,168,1,70,0,-69,-0.16760007,-0.40083808,0.0023179793234973,0.0,99.99999808382488,0.0,0.0049222400108871
2411.0,168,1,70,0,-69,-0.16760007,-0.40083808,0.0023179793234973,0.0,99.99999808382488,0.0,0.0049222400108871
2411.5,167,1,69,0,-68,0.10262787,-0.33776307,0.0023179793234973,0.0,99.99999808382488,0.0,0.0049222400108871
2412.0,166,1,69,0,-68,0.2437881,0.21361929,0.0023179793234973,0.0,99.99999808382488,0.0,0.0049222400108871
2412.5,166,1,70,0,-69,1.0632894,-0.4197613,0.0023179793234973,0.0,99.99999808382488,0.0,0.0049222400108871
2413.0,167,1,71,0,-70,-0.15544537,-0.6845005,0.0023179793234973,0.0,99.99999808382488,0.0,0.0049222400108871
2413.5,166,1,70,0,-69,-0.44716915,0.35661584,0.0023179793234973,0.0,99.99999808382488,0.0,0.0049222400108871
2414.0,168,1,70,0,-69,0.011296213,-0.9688923,0.0023179793234973,0.0,99.99999808382488,0.0,0.0049222400108871
2414.5,169,1,70,0,-69,-0.88297343,-0.2593242,0.0023179793234973,0.0,99.99999808382488,0.0,0.0049222400108871
2415.0,167,1,68,0,-67,-0.33125237,-0.8196649,0.0023179793234973,0.0,99.99999808382488,0.0,0.0049222400108871
2415.5,165,1,66,0,-65,-0.5935631,-0.5424196,0.0023179793234973,0.0,99.99999808382488,0.0,0.0049222400108871
2416.0,164,1,65,0,-64,0.0622299,-0.08380841,0.0023179793234973,0.0,99.99999808382488,0.0,0.0049222400108871
2416.5,164,1,66,0,-65,-0.10658929,-0.69547164,0.0023179793234973,0.0,99.99999808382488,0.0,0.0049222400108871
2417.0,163,1,65,0,-64,0.021964654,-0.5945082,0.0023179793234973,0.0,99.99999808382488,0.0,0.0049222400108871
2417.5,163,1,65,0,-64,0.021964654,-0.5945082,0.0023179793234973,0.0,99.99999808382488,0.0,0.0049222400108871
2418.0,163,1,65,0,-64,0.021964654,-0.5945082,0.0023179793234973,0.0,99.99999808382488,0.0,0.0049222400108871
2418.5,164,1,66,0,-65,0.36608875,-0.12754364,0.0023179793234973,0.0,99.99999808382488,0.0,0.0049222400108871
2419.0,164,1,66,0,-65,0.36608875,-0.12754364,0.0023179793234973,0.0,99.99999808382488,0.0,0.0049222400108871
2419.5,164,1,66,0,-65,0.36608875,-0.12754364,0.0023179793234973,0.0,99.99999808382488,0.0,0.0049222400108871
2420.0,165,1,67,0,-66,-0.41377434,0.24948584,0.0023179793234973,0.0,99.99999808382488,0.0,0.0049222400108871
2420.5,166,1,68,0,-67,0.52592534,-0.8982089,0.0023179793234973,0.0,99.99999808382488,0.0,0.0049222400108871
2421.0,165,1,67,0,-66,-0.71958816,-0.03987916,0.0023179793234973,0.0,99.99999808382488,0.0,0.0049222400108871
2421.5,165,1,67,0,-66,-0.71958816,-0.03987916,0.0023179793234973,0.0,99.99999808382488,0.0,0.0049222400108871
2422.0,164,1,66,0,-65,-0.43295774,0.14668249,0.0023179793234973,0.0,99.99999808382488,0.0,0.0049222400108871
2422.5,164,1,66,0,-65,-0.43295774,0.14668249,0.0023179793234973,0.0,99.99999808382488,0.0,0.0049222400108871
2423.0,164,1,66,0,-65,-0.36792484,-0.060372934,0.0023179793234973,0.0,99.99999808382488,0.0,0.0049222400108871
2423.5,164,1,66,0,-65,-0.36792484,-0.060372934,0.0023179793234973,0.0,99.99999808382488,0.0,0.0049222400108871
2424.0,164,1,66,0,-65,-0.36792484,-0.060372934,0.0023179793234973,0.0,99.99999808382488,0.0,0.0049222400108871
2424.5,164,1,66,0,-65,-0.36792484,-0.060372934,0.0023179793234973,0.0,99.99999808382488,0.0,0.0049222400108871
2425.0,164,1,66,0,-65,-0.36792484,-0.060372934,0.0023179793234973,0.0,99.99999808382488,0.0,0.0049222400108871
2425.5,164,1,66,0,-65,-0.36792484,-0.060372934,0.0023179793234973,0.0,99.99999808382488,0.0,0.0049222400108871
2426.0,164,1,66,0,-65,-0.36792484,-0.060372934,0.0023179793234973,0.0,99.99999808382488,0.0,0.0049222400108871
2426.5,164,1,66,0,-65,-0.36792484,-0.060372934,0.0023179793234973,0.0,99.99999808382488,0.0,0.0049222400108871
2427.0,164,1,66,0,-65,-0.36792484,-0.060372934,0.0023179793234973,0.0,99.99999808382488,0.0,0.0049222400108871
2427.5,163,1,65,0,-64,1.0063515,-0.00690493,0.0023179793234973,0.0,99.99999808382488,0.0,0.0049222400108871
2428.0,163,1,65,0,-64,1.0063515,-0.00690493,0.0023179793234973,0.0,99.99999808382488,0.0,0.0049222400108871
2428.5,163,1,65,0,-64,1.0063515,-0.00690493,0.0023179793234973,0.0,99.99999808382488,0.0,0.0049222400108871
2429.0,162,1,65,0,-64,1.0529808,-0.89837974,0.0023179793234973,0.0,99.99999808382488,0.0,0.0049222400108871
2429.5,161,1,64,0,-63,-0.6840048,-0.290304,0.0023179793234973,0.0,99.99999808382488,0.0,0.0049222400108871
2430.0,160,1,63,0,-62,-0.20129573,-0.45653766,0.0023179793234973,0.0,99.99999808382488,0.0,0.0049222400108871
2430.5,160,1,63,0,-62,-0.20129573,-0.45653766,0.0023179793234973,0.0,99.99999808382488,0.0,0.0049222400108871
2431.0,159,1,62,0,-61,0.33232173,0.33154768,0.0023179793234973,0.0,99.99999808382488,0.0,0.0049222400108871
2431.5,160,1,62,0,-61,0.8097923,-0.7239805,0.0023179793234973,0.0,99.99999808382488,0.0,0.0049222400108871
2432.0,161,1,62,0,-61,0.104920015,0.14762236,0.0023179793234973,0.0,99.99999808382488,0.0,0.0049222400108871
2432.5,160,1,61,0,-60,0.2724282,0.38599116,0.0023179793234973,0.0,99.99999808382488,0.0,0.0049222400108871
2433.0,161,1,62,0,-61,0.5945718,-0.3740614,0.0023179793234973,0.0,99.99999808382488,0.0,0.0049222400108871
2433.5,162,1,63,0,-62,0.1951912,0.5137246,0.0023179793234973,0.0,99.99999808382488,0.0,0.0049222400108871
2434.0,163,1,64,0,-63,-0.5867559,0.025452808,0.0023179793234973,0.0,99.99999808382488,0.0,0.0049222400108871
2434.5,164,1,65,0,-64,-0.4023929,-0.11942063,0.0023179793234973,0.0,99.99999808382488,0.0,0.0049222400108871
2435.0,164,1,65,0,-64,-0.4023929,-0.11942063,0.0023179793234973,0.0,99.99999808382488,0.0,0.0049222400108871
2435.5,165,1,65,0,-64,-0.21876648,-0.07727845,0.0023179793234973,0.0,99.99999808382488,0.0,0.0049222400108871
2436.0,166,1,66,0,-65,0.23176889,-0.5229507,0.0023179793234973,0.0,99.99999808382488,0.0,0.0049222400108871
2436.5,165,1,65,0,-64,-0.14965916,0.31146082,0.0023179793234973,0.0,99.99999808382488,0.0,0.0049222400108871
2437.0,166,1,65,0,-64,-0.02124083,-0.45321828,0.0023179793234973,0.0,99.99999808382488,0.0,0.0049222400108871
2437.5,166,1,65,0,-64,-0.02124083,-0.45321828,0.0023179793234973,0.0,99.99999808382488,0.0,0.0049222400108871
2438.0,166,1,65,0,-64,-0.02124083,-0.45321828,0.0023179793234973,0.0,99.99999808382488,0.0,0.0049222400108871
2438.5,165,1,63,0,-62,0.18765333,0.19703305,0.0023179793234973,0.0,99.99999808382488,0.0,0.0049222400108871
2439.0,164,1,62,0,-61,0.7515274,-0.9116972,0.0023179793234973,0.0,99.99999808382488,0.0,0.0049222400108871
2439.5,164,1,62,0,-61,0.7515274,-0.9116972,0.0023179793234973,0.0,99.99999808382488,0.0,0.0049222400108871
2440.0,164,1,62,0,-61,0.7515274,-0.9116972,0.0023179793234973,0.0,99.99999808382488,0.0,0.0049222400108871
2440.5,163,1,61,0,-60,-0.04146692,-0.22656296,0.0023179793234973,0.0,99.99999808382488,0.0,0.0049222400108871
2441.0,164,1,62,0,-61,-0.11253509,0.086352155,0.0023179793234973,0.0,99.99999808382488,0.0,0.0049222400108871
2441.5,165,1,61,0,-60,0.46000534,-0.1336507,0.0023179793234973,0.0,99.99999808382488,0.0,0.0049222400108871
2442.0,165,1,61,0,-60,0.46000534,-0.1336507,0.0023179793234973,0.0,99.99999808382488,0.0,0.0049222400108871
2442.5,164,1,61,0,-60,-0.57650864,0.1638485,0.0023179793234973,0.0,99.99999808382488,0.0,0.0049222400108871
2443.0,163,1,60,0,-59,-0.53715396,0.11725198,0.0023179793234973,0.0,99.99999808382488,0.0,0.0049222400108871
2443.5,163,1,60,0,-59,-0.53715396,0.11725198,0.0023179793234973,0.0,99.99999808382488,0.0,0.0049222400108871
2444.0,162,1,59,0,-58,-0.30704704,0.57107586,0.0023179793234973,0.0,99.99999808382488,0.0,0.0049222400108871
2444.5,161,1,58,0,-57,-0.67142284,0.2417547,0.0023179793234973,0.0,99.99999808382488,0.0,0.0049222400108871
2445.0,162,1,59,0,-58,-0.945704,-0.7453081,0.0023179793234973,0.0,99.99999808382488,0.0,0.0049222400108871
2445.5,162,1,59,0,-58,-0.945704,-0.7453081,0.0023179793234973,0.0,99.99999808382488,0.0,0.0049222400108871
2446.0,162,1,59,0,-58,-0.945704,-0.7453081,0.0023179793234973,0.0,99.99999808382488,0.0,0.0049222400108871
2446.5,162,1,59,0,-58,-0.945704,-0.7453081,0.0023179793234973,0.0,99.99999808382488,0.0,0.0049222400108871
2447.0,164,1,61,0,-60,-0.4621661,-0.108573064,0.0023179793234973,0.0,99.99999808382488,0.0,0.0049222400108871
2447.5,163,1,62,0,-61,-0.6399611,-0.11081733,0.0023179793234973,0.0,99.99999808382488,0.0,0.0049222400108871
2448.0,162,1,61,0,-60,0.17959106,0.13915533,0.0023179793234973,0.0,99.99999808382488,0.0,0.0049222400108871
2448.5,162,1,61,0,-60,0.17959106,0.13915533,0.0023179793234973,0.0,99.99999808382488,0.0,0.0049222400108871
2449.0,162,1,61,0,-60,0.17959106,0.13915533,0.0023179793234973,0.0,99.99999808382488,0.0,0.0049222400108871
2449.5,161,1,60,0,-59,-0.56340766,-0.51825947,0.0023179793234973,0.0,99.99999808382488,0.0,0.0049222400108871
2450.0,160,1,59,0,-58,0.7006274,-0.67993206,0.0023179793234973,0.0,99.99999808382488,0.0,0.0049222400108871
2450.5,159,1,58,0,-57,0.7673733,0.44252482,0.0023179793234973,0.0,99.99999808382488,0.0,0.0049222400108871
2451.0,159,1,58,0,-57,0.7673733,0.44252482,0.0023179793234973,0.0,99.99999808382488,0.0,0.0049222400108871
2451.5,160,1,59,0,-58,-0.10199824,-0.0008896142,0.0023179793234973,0.0,99.99999808382488,0.0,0.0049222400108871
2452.0,160,1,59,0,-58,-0.10199824,-0.0008896142,0.0023179793234973,0.0,99.99999808382488,0.0,0.0049222400108871
2452.5,159,1,58,0,-57,0.19832021,0.5000006,0.0023179793234973,0.0,99.99999808382488,0.0,0.0049222400108871
2453.0,160,1,59,0,-58,0.34129333,-0.47576988,0.0023179793234973,0.0,99.99999808382488,0.0,0.0049222400108871
2453.5,160,1,59,0,-58,0.34129333,-0.47576988,0.0023179793234973,0.0,99.99999808382488,0.0,0.0049222400108871
2454.0,161,1,60,0,-59,0.3316555,-0.05783008,0.0023179793234973,0.0,99.99999808382488,0.0,0.0049222400108871
2454.5,162,1,61,0,-60,-0.5833782,0.5593817,0.0023179793234973,0.0,99.99999808382488,0.0,0.0049222400108871
2455.0,162,1,61,0,-60,-0.5833782,0.5593817,0.0023179793234973,0.0,99.99999808382488,0.0,0.0049222400108871
2455.5,160,1,59,0,-58,0.30239925,-0.036396876,0.0023179793234973,0.0,99.99999808382488,0.0,0.0049222400108871
2456.0,162,1,61,0,-60,-0.12616673,-0.14834999,0.0023179793234973,0.0,99.99999808382488,0.0,0.0049222400108871
2456.5,162,1,61,0,-60,-0.12616673,-0.14834999,0.0023179793234973,0.0,99.99999808382488,0.0,0.0049222400108871
2457.0,164,1,63,0,-62,-0.10011196,-0.26456994,0.0023179793234973,0.0,99.99999808382488,0.0,0.0049222400108871
2457.5,164,1,63,0,-62,-0.10011196,-0.26456994,0.0023179793234973,0.0,99.99999808382488,0.0,0.0049222400108871
2458.0,165,1,63,0,-62,-0.6000159,-0.032835826,0.0023179793234973,0.0,99.99999808382488,0.0,0.0049222400108871
2458.5,165,1,63,0,-62,-0.21871647,-0.85500795,0.0023179793234973,0.0,99.99999808382488,0.0,0.0049222400108871
2459.0,165,1,63,0,-62,-0.21871647,-0.85500795,0.0023179793234973,0.0,99.99999808382488,0.0,0.0049222400108871
2459.5,166,1,64,0,-63,-0.1781719,-0.2839892,0.0023179793234973,0.0,99.99999808382488,0.0,0.0049222400108871
2460.0,166,1,64,0,-63,-0.1781719,-0.2839892,0.0023179793234973,0.0,99.99999808382488,0.0,0.0049222400108871
2460.5,166,1,64,0,-63,0.12287693,-0.115942106,0.0023179793234973,0.0,99.99999808382488,0.0,0.0049222400108871
2461.0,165,1,64,0,-63,-0.1430375,0.083966255,0.0023179793234973,0.0,99.99999808382488,0.0,0.0049222400108871
2461.5,165,1,64,0,-63,-0.1430375,0.083966255,0.0023179793234973,0.0,99.99999808382488,0.0,0.0049222400108871
2462.0,167,1,65,0,-64,0.14530408,-0.28584534,0.0023179793234973,0.0,99.99999808382488,0.0,0.0049222400108871
2462.5,167,1,65,0,-64,0.14530408,-0.28584534,0.0023179793234973,0.0,99.99999808382488,0.0,0.0049222400108871
2463.0,166,1,64,0,-63,-0.25739625,-0.36140388,0.0023179793234973,0.0,99.99999808382488,0.0,0.0049222400108871
2463.5,167,1,65,0,-64,-0.11672124,-0.564556,0.0023179793234973,0.0,99.99999808382488,0.0,0.0049222400108871
2464.0,167,1,65,0,-64,-0.26244965,-0.17960982,0.0023179793234973,0.0,99.99999808382488,0.0,0.0049222400108871
2464.5,166,1,65,0,-64,-0.10017383,-0.09496884,0.0023179793234973,0.0,99.99999808382488,0.0,0.0049222400108871
2465.0,165,1,64,0,-63,0.23997834,-1.0319871,0.0023179793234973,0.0,99.99999808382488,0.0,0.0049222400108871
2465.5,165,1,64,0,-63,0.23997834,-1.0319871,0.0023179793234973,0.0,99.99999808382488,0.0,0.0049222400108871
2466.0,166,1,65,0,-64,0.6569481,0.48178065,0.0023179793234973,0.0,99.99999808382488,0.0,0.0049222400108871
2466.5,167,1,66,0,-65,-0.57186496,-0.29112333,0.0023179793234973,0.0,99.99999808382488,0.0,0.0049222400108871
2467.0,167,1,66,0,-65,-0.57186496,-0.29112333,0.0023179793234973,0.0,99.99999808382488,0.0,0.0049222400108871
2467.5,166,1,66,0,-65,-0.050027728,0.15687521,0.0023179793234973,0.0,99.99999808382488,0.0,0.0049222400108871
2468.0,165,1,65,0,-64,-0.12492201,-0.24010806,0.0023179793234973,0.0,99.99999808382488,0.0,0.0049222400108871
2468.5,165,1,64,0,-63,0.14141652,-0.17249154,0.0023179793234973,0.0,99.99999808382488,0.0,0.0049222400108871
2469.0,165,1,64,0,-63,0.14141652,-0.17249154,0.0023179793234973,0.0,99.99999808382488,0.0,0.0049222400108871
2469.5,165,1,64,0,-63,0.14141652,-0.17249154,0.0023179793234973,0.0,99.99999808382488,0.0,0.0049222400108871
2470.0,165,1,64,0,-63,0.14141652,-0.17249154,0.0023179793234973,0.0,99.99999808382488,0.0,0.0049222400108871
2470.5,165,1,64,0,-63,0.14141652,-0.17249154,0.0023179793234973,0.0,99.99999808382488,0.0,0.0049222400108871
2471.0,166,1,65,0,-64,-0.25675082,-0.50512534,0.0023179793234973,0.0,99.99999808382488,0.0,0.0049222400108871
2471.5,167,1,66,0,-65,0.37934,0.057599396,0.0023179793234973,0.0,99.99999808382488,0.0,0.0049222400108871
2472.0,168,1,67,0,-66,0.1130442,0.00047715008,0.0023179793234973,0.0,99.99999808382488,0.0,0.0049222400108871
2472.5,168,1,67,0,-66,0.1130442,0.00047715008,0.0023179793234973,0.0,99.99999808382488,0.0,0.0049222400108871
2473.0,168,1,67,0,-66,0.1130442,0.00047715008,0.0023179793234973,0.0,99.99999808382488,0.0,0.0049222400108871
2473.5,168,1,67,0,-66,0.1130442,0.00047715008,0.0023179793234973,0.0,99.99999808382488,0.0,0.0049222400108871
2474.0,165,1,64,0,-63,-0.6512661,0.23057212,0.0023179793234973,0.0,99.99999808382488,0.0,0.0049222400108871
2474.5,165,1,65,0,-64,-0.19536933,-0.1800931,0.0023179793234973,0.0,99.99999808382488,0.0,0.0049222400108871
2475.0,166,1,66,0,-65,-0.08317304,0.01030077,0.0023179793234973,0.0,99.99999808382488,0.0,0.0049222400108871
2475.5,165,1,66,0,-65,0.40989795,-0.54626834,0.0023179793234973,0.0,99.99999808382488,0.0,0.0049222400108871
2476.0,165,1,66,0,-65,0.40989795,-0.54626834,0.0023179793234973,0.0,99.99999808382488,0.0,0.0049222400108871
2476.5,165,1,66,0,-65,0.40989795,-0.54626834,0.0023179793234973,0.0,99.99999808382488,0.0,0.0049222400108871
2477.0,164,1,65,0,-64,-0.26309806,0.87664074,0.0023179793234973,0.0,99.99999808382488,0.0,0.0049222400108871
2477.5,165,1,65,0,-64,-0.048692048,-0.18530689,0.0023179793234973,0.0,99.99999808382488,0.0,0.0049222400108871
2478.0,165,1,65,0,-64,-0.048692048,-0.18530689,0.0023179793234973,0.0,99.99999808382488,0.0,0.0049222400108871
2478.5,165,1,66,0,-65,-0.044442445,-0.54514056,0.0023179793234973,0.0,99.99999808382488,0.0,0.0049222400108871
2479.0,165,1,66,0,-65,-0.044442445,-0.54514056,0.0023179793234973,0.0,99.99999808382488,0.0,0.0049222400108871
2479.5,165,1,66,0,-65,-0.044442445,-0.54514056,0.0023179793234973,0.0,99.99999808382488,0.0,0.0049222400108871
2480.0,167,1,68,0,-67,-0.43252024,-0.34511805,0.0023179793234973,0.0,99.99999808382488,0.0,0.0049222400108871
2480.5,169,1,68,0,-67,0.7261385,0.39061332,0.0023179793234973,0.0,99.99999808382488,0.0,0.0049222400108871
2481.0,169,1,68,0,-67,0.7261385,0.39061332,0.0023179793234973,0.0,99.99999808382488,0.0,0.0049222400108871
2481.5,169,1,68,0,-67,0.7261385,0.39061332,0.0023179793234973,0.0,99.99999808382488,0.0,0.0049222400108871
2482.0,170,1,69,0,-68,0.17373258,0.15371361,0.0023179793234973,0.0,99.99999808382488,0.0,0.0049222400108871
2482.5,169,1,69,0,-68,0.4862767,0.2851082,0.0023179793234973,0.0,99.99999808382488,0.0,0.0049222400108871
2483.0,168,1,69,0,-68,0.3960563,-0.19688062,0.0023179793234973,0.0,99.99999808382488,0.0,0.0049222400108871
2483.5,168,1,68,0,-67,1.2450771,-0.005735174,0.0023179793234973,0.0,99.99999808382488,0.0,0.0049222400108871
2484.0,168,1,68,0,-67,1.2450771,-0.005735174,0.0023179793234973,0.0,99.99999808382488,0.0,0.0049222400108871
2484.5,167,1,68,0,-67,0.7673962,-0.27452826,0.0023179793234973,0.0,99.99999808382488,0.0,0.0049222400108871
2485.0,166,1,67,0,-66,0.43198383,0.6351506,0.0023179793234973,0.0,99.99999808382488,0.0,0.0049222400108871
2485.5,166,1,67,0,-66,0.43198383,0.6351506,0.0023179793234973,0.0,99.99999808382488,0.0,0.0049222400108871
2486.0,166,1,66,0,-65,1.3052773,0.11373991,0.0023179793234973,0.0,99.99999808382488,0.0,0.0049222400108871
2486.5,166,1,66,0,-65,1.3052773,0.11373991,0.0023179793234973,0.0,99.99999808382488,0.0,0.0049222400108871
2487.0,165,1,65,0,-64,0.9119748,0.020019725,0.0023179793234973,0.0,99.99999808382488,0.0,0.0049222400108871
2487.5,166,1,65,0,-64,1.1102581,0.21672314,0.0023179793234973,0.0,99.99999808382488,0.0,0.0049222400108871
2488.0,165,1,64,0,-63,0.12537584,0.4718082,0.0023179793234973,0.0,99.99999808382488,0.0,0.0049222400108871
2488.5,163,1,62,0,-61,-0.051350206,-0.48356462,0.0023179793234973,0.0,99.99999808382488,0.0,0.0049222400108871
2489.0,164,1,63,0,-62,-0.44112232,-0.30041367,0.0023179793234973,0.0,99.99999808382488,0.0,0.0049222400108871
2489.5,163,1,62,0,-61,0.12739913,-0.87180096,0.0023179793234973,0.0,99.99999808382488,0.0,0.0049222400108871
2490.0,163,1,62,0,-61,0.12739913,-0.87180096,0.0023179793234973,0.0,99.99999808382488,0.0,0.0049222400108871
2490.5,162,1,62,0,-61,-0.5681466,0.45179203,0.0023179793234973,0.0,99.99999808382488,0.0,0.0049222400108871
2491.0,163,1,63,0,-62,-0.0036214888,-0.61242586,0.0023179793234973,0.0,99.99999808382488,0.0,0.0049222400108871
2491.5,163,1,63,0,-62,-0.0036214888,-0.61242586,0.0023179793234973,0.0,99.99999808382488,0.0,0.0049222400108871
2492.0,161,1,61,0,-60,1.104349,0.24737978,0.0023179793234973,0.0,99.99999808382488,0.0,0.0049222400108871
2492.5,160,1,60,0,-59,1.1290866,0.13613002,0.0023179793234973,0.0,99.99999808382488,0.0,0.0049222400108871
2493.0,161,1,61,0,-60,0.24873897,0.39846677,0.0023179793234973,0.0,99.99999808382488,0.0,0.0049222400108871
2493.5,161,1,61,0,-60,0.4797159,0.53539956,0.0023179793234973,0.0,99.99999808382488,0.0,0.0049222400108871
2494.0,161,1,61,0,-60,0.4797159,0.53539956,0.0023179793234973,0.0,99.99999808382488,0.0,0.0049222400108871
2494.5,161,1,61,0,-60,0.4797159,0.53539956,0.0023179793234973,0.0,99.99999808382488,0.0,0.0049222400108871
2495.0,163,1,63,0,-62,-0.019019455,-0.8754017,0.0023179793234973,0.0,99.99999808382488,0.0,0.0049222400108871
2495.5,161,1,61,0,-60,-0.3844727,-0.3763553,0.0023179793234973,0.0,99.99999808382488,0.0,0.0049222400108871
2496.0,161,1,61,0,-60,-0.3844727,-0.3763553,0.0023179793234973,0.0,99.99999808382488,0.0,0.0049222400108871
2496.5,159,1,59,0,-58,-0.138082,0.036389977,0.0023179793234973,0.0,99.99999808382488,0.0,0.0049222400108871
2497.0,159,1,59,0,-58,-0.138082,0.036389977,0.0023179793234973,0.0,99.99999808382488,0.0,0.0049222400108871
2497.5,159,1,59,0,-58,-0.138082,0.036389977,0.0023179793234973,0.0,99.99999808382488,0.0,0.0049222400108871
2498.0,159,1,59,0,-58,-0.29925683,-0.57657737,0.0023179793234973,0.0,99.99999808382488,0.0,0.0049222400108871
2498.5,159,1,59,0,-58,-0.29925683,-0.57657737,0.0023179793234973,0.0,99.99999808382488,0.0,0.0049222400108871
2499.0,159,1,59,0,-58,-0.10360584,0.104497544,0.0023179793234973,0.0,99.99999808382488,0.0,0.0049222400108871
2499.5,160,1,60,0,-59,0.67727417,-0.25298643,0.0023179793234973,0.0,99.99999808382488,0.0,0.0049222400108871
2500.0,160,1,60,0,-59,0.67727417,-0.25298643,0.0023179793234973,0.0,99.99999808382488,0.0,0.0049222400108871
2500.5,161,1,61,0,-60,1.1221993,0.34211847,0.0023179793234973,0.0,99.99999808382488,0.0,0.0049222400108871
2501.0,160,1,60,0,-59,1.8358951,0.3870234,0.0023179793234973,0.0,99.99999808382488,0.0,0.0049222400108871
2501.5,161,1,61,0,-60,1.3315723,0.30336484,0.0023179793234973,0.0,99.99999808382488,0.0,0.0049222400108871
2502.0,160,1,60,0,-59,0.3853496,-0.49093622,0.0023179793234973,0.0,99.99999808382488,0.0,0.0049222400108871
2502.5,161,1,61,0,-60,-0.005294323,0.36422408,0.0023179793234973,0.0,99.99999808382488,0.0,0.0049222400108871
2503.0,160,1,60,0,-59,-0.011715874,-0.8121199,0.0023179793234973,0.0,99.99999808382488,0.0,0.0049222400108871
2503.5,160,1,60,0,-59,-0.011715874,-0.8121199,0.0023179793234973,0.0,99.99999808382488,0.0,0.0049222400108871
2504.0,161,1,61,0,-60,-0.09048405,0.28178686,0.0023179793234973,0.0,99.99999808382488,0.0,0.0049222400108871
2504.5,162,1,61,0,-60,0.569008,-0.21944003,0.0023179793234973,0.0,99.99999808382488,0.0,0.0049222400108871
2505.0,161,1,61,0,-60,0.20103014,0.19728413,0.0023179793234973,0.0,99.99999808382488,0.0,0.0049222400108871
2505.5,162,1,62,0,-61,0.4601618,-0.28929734,0.0023179793234973,0.0,99.99999808382488,0.0,0.0049222400108871
2506.0,162,1,62,0,-61,0.4601618,-0.28929734,0.0023179793234973,0.0,99.99999808382488,0.0,0.0049222400108871
2506.5,162,1,62,0,-61,0.4601618,-0.28929734,0.0023179793234973,0.0,99.99999808382488,0.0,0.0049222400108871
2507.0,161,1,62,0,-61,-0.6301017,0.19943361,0.0023179793234973,0.0,99.99999808382488,0.0,0.0049222400108871
2507.5,160,1,61,0,-60,0.331657,0.52720296,0.0023179793234973,0.0,99.99999808382488,0.0,0.0049222400108871
2508.0,159,1,60,0,-59,0.43346193,0.33974114,0.0023179793234973,0.0,99.99999808382488,0.0,0.0049222400108871
2508.5,161,1,61,0,-60,-0.8674476,0.076727405,0.0023179793234973,0.0,99.99999808382488,0.0,0.0049222400108871
2509.0,161,1,61,0,-60,-0.8674476,0.076727405,0.0023179793234973,0.0,99.99999808382488,0.0,0.0049222400108871
2509.5,162,1,62,0,-61,-0.055618852,0.67189986,0.0023179793234973,0.0,99.99999808382488,0.0,0.0049222400108871
2510.0,162,1,62,0,-61,-0.055618852,0.67189986,0.0023179793234973,0.0,99.99999808382488,0.0,0.0049222400108871
2510.5,162,1,62,0,-61,-0.055618852,0.67189986,0.0023179793234973,0.0,99.99999808382488,0.0,0.0049222400108871
2511.0,162,1,62,0,-61,-0.055618852,0.67189986,0.0023179793234973,0.0,99.99999808382488,0.0,0.0049222400108871
2511.5,161,1,61,0,-60,0.082028,0.55946594,0.0023179793234973,0.0,99.99999808382488,0.0,0.0049222400108871
2512.0,160,1,61,0,-60,0.05611074,-0.5089867,0.0023179793234973,0.0,99.99999808382488,0.0,0.0049222400108871
2512.5,160,1,61,0,-60,0.05611074,-0.5089867,0.0023179793234973,0.0,99.99999808382488,0.0,0.0049222400108871
2513.0,160,1,62,0,-61,-0.27439427,1.053897,0.0023179793234973,0.0,99.99999808382488,0.0,0.0049222400108871
2513.5,161,1,61,0,-60,0.20808548,0.49686462,0.0023179793234973,0.0,99.99999808382488,0.0,0.0049222400108871
2514.0,161,1,61,0,-60,0.20808548,0.49686462,0.0023179793234973,0.0,99.99999808382488,0.0,0.0049222400108871
2514.5,163,1,61,0,-60,-0.09145501,0.45702273,0.0023179793234973,0.0,99.99999808382488,0.0,0.0049222400108871
2515.0,163,1,61,0,-60,-0.09145501,0.45702273,0.0023179793234973,0.0,99.99999808382488,0.0,0.0049222400108871
2515.5,162,1,62,0,-61,0.4009625,0.14067814,0.0023179793234973,0.0,99.99999808382488,0.0,0.0049222400108871
2516.0,162,1,62,0,-61,0.4009625,0.14067814,0.0023179793234973,0.0,99.99999808382488,0.0,0.0049222400108871
2516.5,162,1,62,0,-61,0.4009625,0.14067814,0.0023179793234973,0.0,99.99999808382488,0.0,0.0049222400108871
2517.0,162,1,62,0,-61,-0.35423157,0.16654103,0.0023179793234973,0.0,99.99999808382488,0.0,0.0049222400108871
2517.5,161,1,62,0,-61,0.13382883,-0.19898127,0.0023179793234973,0.0,99.99999808382488,0.0,0.0049222400108871
2518.0,161,1,62,0,-61,0.13382883,-0.19898127,0.0023179793234973,0.0,99.99999808382488,0.0,0.0049222400108871
2518.5,161,1,62,0,-61,0.13382883,-0.19898127,0.0023179793234973,0.0,99.99999808382488,0.0,0.0049222400108871
2519.0,161,1,62,0,-61,0.13382883,-0.19898127,0.0023179793234973,0.0,99.99999808382488,0.0,0.0049222400108871
2519.5,162,1,63,0,-62,-0.1627231,1.0442011,0.0023179793234973,0.0,99.99999808382488,0.0,0.0049222400108871
2520.0,163,1,64,0,-63,0.34380227,1.4069054,0.0023179793234973,0.0,99.99999808382488,0.0,0.0049222400108871
2520.5,163,1,64,0,-63,0.34380227,1.4069054,0.0023179793234973,0.0,99.99999808382488,0.0,0.0049222400108871
2521.0,163,1,64,0,-63,0.34380227,1.4069054,0.0023179793234973,0.0,99.99999808382488,0.0,0.0049222400108871
2521.5,163,1,64,0,-63,0.34380227,1.4069054,0.0023179793234973,0.0,99.99999808382488,0.0,0.0049222400108871
2522.0,163,1,64,0,-63,0.34380227,1.4069054,0.0023179793234973,0.0,99.99999808382488,0.0,0.0049222400108871
2522.5,161,1,63,0,-62,0.09053117,0.70956624,0.0023179793234973,0.0,99.99999808382488,0.0,0.0049222400108871
2523.0,160,1,62,0,-61,-0.53185964,0.77140313,0.0023179793234973,0.0,99.99999808382488,0.0,0.0049222400108871
2523.5,161,1,62,0,-61,0.37838963,-0.45088893,0.0023179793234973,0.0,99.99999808382488,0.0,0.0049222400108871
2524.0,160,1,62,0,-61,0.4907035,-0.3187412,0.0023179793234973,0.0,99.99999808382488,0.0,0.0049222400108871
2524.5,160,1,62,0,-61,0.4907035,-0.3187412,0.0023179793234973,0.0,99.99999808382488,0.0,0.0049222400108871
2525.0,158,1,60,0,-59,-0.2563246,-0.122724935,0.0023179793234973,0.0,99.99999808382488,0.0,0.0049222400108871
2525.5,158,1,60,0,-59,-0.2563246,-0.122724935,0.0023179793234973,0.0,99.99999808382488,0.0,0.0049222400108871
2526.0,158,1,60,0,-59,-0.2563246,-0.122724935,0.0023179793234973,0.0,99.99999808382488,0.0,0.0049222400108871
2526.5,163,1,64,0,-63,0.12864083,-0.3633992,0.0023179793234973,0.0,99.99999808382488,0.0,0.0049222400108871
2527.0,162,1,63,0,-62,0.088054806,1.0902369,0.0023179793234973,0.0,99.99999808382488,0.0,0.0049222400108871
2527.5,162,1,63,0,-62,0.088054806,1.0902369,0.0023179793234973,0.0,99.99999808382488,0.0,0.0049222400108871
2528.0,164,1,64,0,-63,-0.18036672,-0.4085605,0.0023179793234973,0.0,99.99999808382488,0.0,0.0049222400108871
2528.5,163,1,64,0,-63,0.097185895,-0.10188319,0.0023179793234973,0.0,99.99999808382488,0.0,0.0049222400108871
2529.0,163,1,64,0,-63,0.097185895,-0.10188319,0.0023179793234973,0.0,99.99999808382488,0.0,0.0049222400108871
2529.5,162,1,63,0,-62,0.0140196085,0.21570793,0.0023179793234973,0.0,99.99999808382488,0.0,0.0049222400108871
2530.0,162,1,63,0,-62,0.0140196085,0.21570793,0.0023179793234973,0.0,99.99999808382488,0.0,0.0049222400108871
2530.5,162,1,63,0,-62,0.0140196085,0.21570793,0.0023179793234973,0.0,99.99999808382488,0.0,0.0049222400108871
2531.0,161,1,62,0,-61,0.4150915,-0.067113295,0.0023179793234973,0.0,99.99999808382488,0.0,0.0049222400108871
2531.5,162,1,63,0,-62,0.08416882,0.16571173,0.0023179793234973,0.0,99.99999808382488,0.0,0.0049222400108871
2532.0,163,1,63,0,-62,-0.8574333,0.4798209,0.0023179793234973,0.0,99.99999808382488,0.0,0.0049222400108871
2532.5,163,1,63,0,-62,-0.8574333,0.4798209,0.0023179793234973,0.0,99.99999808382488,0.0,0.0049222400108871
2533.0,163,1,63,0,-62,-0.8574333,0.4798209,0.0023179793234973,0.0,99.99999808382488,0.0,0.0049222400108871
2533.5,162,1,62,0,-61,0.19243115,-0.7587298,0.0023179793234973,0.0,99.99999808382488,0.0,0.0049222400108871
2534.0,162,1,62,0,-61,0.19243115,-0.7587298,0.0023179793234973,0.0,99.99999808382488,0.0,0.0049222400108871
2534.5,162,1,62,0,-61,-0.020491555,0.1148543,0.0023179793234973,0.0,99.99999808382488,0.0,0.0049222400108871
2535.0,163,1,61,0,-60,-0.62146187,1.0018537,0.0023179793234973,0.0,99.99999808382488,0.0,0.0049222400108871
2535.5,164,1,62,0,-61,-0.43502262,0.4189511,0.0023179793234973,0.0,99.99999808382488,0.0,0.0049222400108871
2536.0,162,1,62,0,-61,0.39874187,-0.6428667,0.0023179793234973,0.0,99.99999808382488,0.0,0.0049222400108871
2536.5,161,1,61,0,-60,-0.108784586,0.4709013,0.0023179793234973,0.0,99.99999808382488,0.0,0.0049222400108871
2537.0,161,1,61,0,-60,-0.108784586,0.4709013,0.0023179793234973,0.0,99.99999808382488,0.0,0.0049222400108871
2537.5,161,1,61,0,-60,-0.108784586,0.4709013,0.0023179793234973,0.0,99.99999808382488,0.0,0.0049222400108871
2538.0,160,1,61,0,-60,-0.19482544,-0.7210619,0.0023179793234973,0.0,99.99999808382488,0.0,0.0049222400108871
2538.5,160,1,61,0,-60,-0.19482544,-0.7210619,0.0023179793234973,0.0,99.99999808382488,0.0,0.0049222400108871
2539.0,161,1,62,0,-61,-0.62905383,-0.19685875,0.0023179793234973,0.0,99.99999808382488,0.0,0.0049222400108871
2539.5,161,1,62,0,-61,-0.62905383,-0.19685875,0.0023179793234973,0.0,99.99999808382488,0.0,0.0049222400108871
2540.0,161,1,62,0,-61,-0.62905383,-0.19685875,0.0023179793234973,0.0,99.99999808382488,0.0,0.0049222400108871
2540.5,161,1,62,0,-61,-0.62905383,-0.19685875,0.0023179793234973,0.0,99.99999808382488,0.0,0.0049222400108871
2541.0,160,1,61,0,-60,-0.4841036,-0.7973078,0.0023179793234973,0.0,99.99999808382488,0.0,0.0049222400108871
2541.5,161,1,61,0,-60,-0.9738319,0.32047302,0.0023179793234973,0.0,99.99999808382488,0.0,0.0049222400108871
2542.0,161,1,61,0,-60,-0.9738319,0.32047302,0.0023179793234973,0.0,99.99999808382488,0.0,0.0049222400108871
2542.5,162,1,62,0,-61,-0.14514884,-0.19985507,0.0023179793234973,0.0,99.99999808382488,0.0,0.0049222400108871
2543.0,162,1,62,0,-61,-0.14514884,-0.19985507,0.0023179793234973,0.0,99.99999808382488,0.0,0.0049222400108871
2543.5,162,1,62,0,-61,-0.066932976,-0.18305425,0.0023179793234973,0.0,99.99999808382488,0.0,0.0049222400108871
2544.0,163,1,63,0,-62,-0.14924431,0.5203507,0.0023179793234973,0.0,99.99999808382488,0.0,0.0049222400108871
2544.5,160,1,62,0,-61,-0.21883637,1.0833899,0.0023179793234973,0.0,99.99999808382488,0.0,0.0049222400108871
2545.0,160,1,62,0,-61,-0.21883637,1.0833899,0.0023179793234973,0.0,99.99999808382488,0.0,0.0049222400108871
2545.5,160,1,62,0,-61,-0.21883637,1.0833899,0.0023179793234973,0.0,99.99999808382488,0.0,0.0049222400108871
2546.0,158,1,61,0,-60,-0.086146325,0.19193202,0.0023179793234973,0.0,99.99999808382488,0.0,0.0049222400108871
2546.5,158,1,61,0,-60,-0.086146325,0.19193202,0.0023179793234973,0.0,99.99999808382488,0.0,0.0049222400108871
2547.0,158,1,61,0,-60,-0.086146325,0.19193202,0.0023179793234973,0.0,99.99999808382488,0.0,0.0049222400108871
2547.5,158,1,61,0,-60,-0.086146325,0.19193202,0.0023179793234973,0.0,99.99999808382488,0.0,0.0049222400108871
2548.0,158,1,61,0,-60,-0.086146325,0.19193202,0.0023179793234973,0.0,99.99999808382488,0.0,0.0049222400108871
2548.5,158,1,61,0,-60,-0.086146325,0.19193202,0.0023179793234973,0.0,99.99999808382488,0.0,0.0049222400108871
2549.0,158,1,61,0,-60,-0.086146325,0.19193202,0.0023179793234973,0.0,99.99999808382488,0.0,0.0049222400108871
2549.5,157,1,60,0,-59,0.21692832,-0.29682356,0.0023179793234973,0.0,99.99999808382488,0.0,0.0049222400108871
2550.0,157,1,60,0,-59,0.21692832,-0.29682356,0.0023179793234973,0.0,99.99999808382488,0.0,0.0049222400108871
2550.5,157,1,59,0,-58,-0.45068517,-0.2677489,0.0023179793234973,0.0,99.99999808382488,0.0,0.0049222400108871
2551.0,157,1,59,0,-58,-0.45068517,-0.2677489,0.0023179793234973,0.0,99.99999808382488,0.0,0.0049222400108871
2551.5,157,1,59,0,-58,-0.45068517,-0.2677489,0.0023179793234973,0.0,99.99999808382488,0.0,0.0049222400108871
2552.0,157,1,58,0,-57,0.034647852,0.76371247,0.0023179793234973,0.0,99.99999808382488,0.0,0.0049222400108871
2552.5,157,1,58,0,-57,0.034647852,0.76371247,0.0023179793234973,0.0,99.99999808382488,0.0,0.0049222400108871
2553.0,157,1,58,0,-57,-1.3536756,0.112390004,0.0023179793234973,0.0,99.99999808382488,0.0,0.0049222400108871
2553.5,158,1,58,0,-57,-0.31067255,0.38931656,0.0023179793234973,0.0,99.99999808382488,0.0,0.0049222400108871
2554.0,158,1,58,0,-57,-0.31067255,0.38931656,0.0023179793234973,0.0,99.99999808382488,0.0,0.0049222400108871
2554.5,158,1,58,0,-57,-0.31067255,0.38931656,0.0023179793234973,0.0,99.99999808382488,0.0,0.0049222400108871
2555.0,158,1,58,0,-57,-0.31067255,0.38931656,0.0023179793234973,0.0,99.99999808382488,0.0,0.0049222400108871
2555.5,158,1,58,0,-57,-0.31067255,0.38931656,0.0023179793234973,0.0,99.99999808382488,0.0,0.0049222400108871
2556.0,158,1,58,0,-57,-0.31067255,0.38931656,0.0023179793234973,0.0,99.99999808382488,0.0,0.0049222400108871
2556.5,158,1,58,0,-57,-0.31067255,0.38931656,0.0023179793234973,0.0,99.99999808382488,0.0,0.0049222400108871
2557.0,159,1,58,0,-57,-0.1081129,0.49554628,0.0023179793234973,0.0,99.99999808382488,0.0,0.0049222400108871
2557.5,159,1,58,0,-57,-0.1081129,0.49554628,0.0023179793234973,0.0,99.99999808382488,0.0,0.0049222400108871
2558.0,159,1,58,0,-57,-0.1081129,0.49554628,0.0023179793234973,0.0,99.99999808382488,0.0,0.0049222400108871
2558.5,160,1,59,0,-58,0.024808466,0.5505437,0.0023179793234973,0.0,99.99999808382488,0.0,0.0049222400108871
2559.0,160,1,59,0,-58,0.024808466,0.5505437,0.0023179793234973,0.0,99.99999808382488,0.0,0.0049222400108871
2559.5,157,1,57,0,-56,0.38373223,-0.14768098,0.0023179793234973,0.0,99.99999808382488,0.0,0.0049222400108871
2560.0,156,1,56,0,-55,0.040704682,-0.24661945,0.0023179793234973,0.0,99.99999808382488,0.0,0.0049222400108871
2560.5,156,1,56,0,-55,0.040704682,-0.24661945,0.0023179793234973,0.0,99.99999808382488,0.0,0.0049222400108871
2561.0,156,1,56,0,-55,0.040704682,-0.24661945,0.0023179793234973,0.0,99.99999808382488,0.0,0.0049222400108871
2561.5,157,1,57,0,-56,-0.19505772,-0.6667716,0.0023179793234973,0.0,99.99999808382488,0.0,0.0049222400108871
2562.0,157,1,59,0,-58,0.08690062,-0.014597744,0.0023179793234973,0.0,99.99999808382488,0.0,0.0049222400108871
2562.5,160,1,61,0,-60,0.15488078,-0.48658496,0.0023179793234973,0.0,99.99999808382488,0.0,0.0049222400108871
2563.0,159,1,60,0,-59,0.7656194,-0.5248261,0.0023179793234973,0.0,99.99999808382488,0.0,0.0049222400108871
2563.5,160,1,61,0,-60,0.53392744,-0.2746238,0.0023179793234973,0.0,99.99999808382488,0.0,0.0049222400108871
2564.0,160,1,61,0,-60,0.53392744,-0.2746238,0.0023179793234973,0.0,99.99999808382488,0.0,0.0049222400108871
2564.5,160,1,61,0,-60,0.0006414503,-1.1993839,0.0023179793234973,0.0,99.99999808382488,0.0,0.0049222400108871
2565.0,158,1,62,0,-61,-0.014523029,-1.2101066,0.0023179793234973,0.0,99.99999808382488,0.0,0.0049222400108871
2565.5,159,1,63,0,-62,0.12132748,0.030822769,0.0023179793234973,0.0,99.99999808382488,0.0,0.0049222400108871
2566.0,158,1,62,0,-61,0.41787162,-0.4185077,0.0023179793234973,0.0,99.99999808382488,0.0,0.0049222400108871
2566.5,158,1,62,0,-61,0.41787162,-0.4185077,0.0023179793234973,0.0,99.99999808382488,0.0,0.0049222400108871
2567.0,158,1,62,0,-61,0.41787162,-0.4185077,0.0023179793234973,0.0,99.99999808382488,0.0,0.0049222400108871
2567.5,158,1,62,0,-61,0.41787162,-0.4185077,0.0023179793234973,0.0,99.99999808382488,0.0,0.0049222400108871
2568.0,158,1,62,0,-61,0.41787162,-0.4185077,0.0023179793234973,0.0,99.99999808382488,0.0,0.0049222400108871
2568.5,158,1,62,0,-61,0.41787162,-0.4185077,0.0023179793234973,0.0,99.99999808382488,0.0,0.0049222400108871
2569.0,158,1,63,0,-62,-0.20559773,-0.33032864,0.0023179793234973,0.0,99.99999808382488,0.0,0.0049222400108871
2569.5,158,1,63,0,-62,-0.20559773,-0.33032864,0.0023179793234973,0.0,99.99999808382488,0.0,0.0049222400108871
2570.0,158,1,63,0,-62,-0.20559773,-0.33032864,0.0023179793234973,0.0,99.99999808382488,0.0,0.0049222400108871
2570.5,159,1,64,0,-63,-0.068422586,0.4049703,0.0023179793234973,0.0,99.99999808382488,0.0,0.0049222400108871
2571.0,160,1,65,0,-64,0.4563121,-0.07148029,0.0023179793234973,0.0,99.99999808382488,0.0,0.0049222400108871
2571.5,160,1,65,0,-64,0.4563121,-0.07148029,0.0023179793234973,0.0,99.99999808382488,0.0,0.0049222400108871
2572.0,159,1,64,0,-63,0.36226076,-0.4765163,0.0023179793234973,0.0,99.99999808382488,0.0,0.0049222400108871
2572.5,159,1,64,0,-63,0.36226076,-0.4765163,0.0023179793234973,0.0,99.99999808382488,0.0,0.0049222400108871
2573.0,160,1,64,0,-63,-0.06280199,-0.30568558,0.0023179793234973,0.0,99.99999808382488,0.0,0.0049222400108871
2573.5,160,1,64,0,-63,-0.06280199,-0.30568558,0.0023179793234973,0.0,99.99999808382488,0.0,0.0049222400108871
2574.0,160,1,64,0,-63,-0.06280199,-0.30568558,0.0023179793234973,0.0,99.99999808382488,0.0,0.0049222400108871
2574.5,160,1,64,0,-63,-0.06280199,-0.30568558,0.0023179793234973,0.0,99.99999808382488,0.0,0.0049222400108871
2575.0,157,1,62,0,-61,0.11207028,0.30348676,0.0023179793234973,0.0,99.99999808382488,0.0,0.0049222400108871
2575.5,157,1,62,0,-61,0.11207028,0.30348676,0.0023179793234973,0.0,99.99999808382488,0.0,0.0049222400108871
2576.0,157,1,62,0,-61,0.11207028,0.30348676,0.0023179793234973,0.0,99.99999808382488,0.0,0.0049222400108871
2576.5,157,1,62,0,-61,0.11207028,0.30348676,0.0023179793234973,0.0,99.99999808382488,0.0,0.0049222400108871
2577.0,159,1,64,0,-63,-0.3771166,0.23149578,0.0023179793234973,0.0,99.99999808382488,0.0,0.0049222400108871
2577.5,158,1,63,0,-62,-0.38575765,0.33687997,0.0023179793234973,0.0,99.99999808382488,0.0,0.0049222400108871
2578.0,157,1,62,0,-61,-0.0008274913,0.5241457,0.0023179793234973,0.0,99.99999808382488,0.0,0.0049222400108871
2578.5,158,1,62,0,-61,-1.0443648,-0.033422843,0.0023179793234973,0.0,99.99999808382488,0.0,0.0049222400108871
2579.0,162,1,65,0,-64,-0.30840364,0.104270875,0.0023179793234973,0.0,99.99999808382488,0.0,0.0049222400108871
2579.5,162,1,65,0,-64,-0.30840364,0.104270875,0.0023179793234973,0.0,99.99999808382488,0.0,0.0049222400108871
2580.0,162,1,65,0,-64,-0.30840364,0.104270875,0.0023179793234973,0.0,99.99999808382488,0.0,0.0049222400108871
2580.5,161,1,64,0,-63,-0.26920414,1.04453,0.0023179793234973,0.0,99.99999808382488,0.0,0.0049222400108871
2581.0,160,1,64,0,-63,-0.23930383,0.74706024,0.0023179793234973,0.0,99.99999808382488,0.0,0.0049222400108871
2581.5,160,1,64,0,-63,-0.23930383,0.74706024,0.0023179793234973,0.0,99.99999808382488,0.0,0.0049222400108871
2582.0,161,1,65,0,-64,0.3733522,0.5788679,0.0023179793234973,0.0,99.99999808382488,0.0,0.0049222400108871
2582.5,161,1,65,0,-64,0.3733522,0.5788679,0.0023179793234973,0.0,99.99999808382488,0.0,0.0049222400108871
2583.0,158,1,63,0,-62,-0.5058472,0.50851464,0.0023179793234973,0.0,99.99999808382488,0.0,0.0049222400108871
2583.5,158,1,63,0,-62,-0.5058472,0.50851464,0.0023179793234973,0.0,99.99999808382488,0.0,0.0049222400108871
2584.0,157,1,62,0,-61,0.37926507,0.875375,0.0023179793234973,0.0,99.99999808382488,0.0,0.0049222400108871
2584.5,157,1,62,0,-61,0.37926507,0.875375,0.0023179793234973,0.0,99.99999808382488,0.0,0.0049222400108871
2585.0,158,1,62,0,-61,0.27335155,0.28363144,0.0023179793234973,0.0,99.99999808382488,0.0,0.0049222400108871
2585.5,159,1,63,0,-62,0.1306133,-0.15782557,0.0023179793234973,0.0,99.99999808382488,0.0,0.0049222400108871
2586.0,154,1,60,0,-59,0.34650475,0.48721272,0.0023179793234973,0.0,99.99999808382488,0.0,0.0049222400108871
2586.5,158,1,63,0,-62,-1.1338384,-0.18598656,0.0023179793234973,0.0,99.99999808382488,0.0,0.0049222400108871
2587.0,159,1,64,0,-63,-0.5052979,-0.4373247,0.0023179793234973,0.0,99.99999808382488,0.0,0.0049222400108871
2587.5,160,1,64,0,-63,-0.3100464,-0.007513255,0.0023179793234973,0.0,99.99999808382488,0.0,0.0049222400108871
2588.0,161,1,64,0,-63,-0.023740515,-0.22595914,0.0023179793234973,0.0,99.99999808382488,0.0,0.0049222400108871
2588.5,161,1,64,0,-63,-0.023740515,-0.22595914,0.0023179793234973,0.0,99.99999808382488,0.0,0.0049222400108871
2589.0,161,1,64,0,-63,-0.023740515,-0.22595914,0.0023179793234973,0.0,99.99999808382488,0.0,0.0049222400108871
2589.5,161,1,64,0,-63,-0.023740515,-0.22595914,0.0023179793234973,0.0,99.99999808382488,0.0,0.0049222400108871
2590.0,160,1,64,0,-63,-0.22821209,-0.15561049,0.0023179793234973,0.0,99.99999808382488,0.0,0.0049222400108871
2590.5,158,1,62,0,-61,-0.8550174,0.005061999,0.0023179793234973,0.0,99.99999808382488,0.0,0.0049222400108871
2591.0,159,1,62,0,-61,-1.1498268,-0.16707526,0.0023179793234973,0.0,99.99999808382488,0.0,0.0049222400108871
2591.5,160,1,63,0,-62,-0.22897592,0.5881904,0.0023179793234973,0.0,99.99999808382488,0.0,0.0049222400108871
2592.0,158,1,61,0,-60,-0.6108731,0.21391909,0.0023179793234973,0.0,99.99999808382488,0.0,0.0049222400108871
2592.5,158,1,61,0,-60,-0.6108731,0.21391909,0.0023179793234973,0.0,99.99999808382488,0.0,0.0049222400108871
2593.0,158,1,61,0,-60,-0.6108731,0.21391909,0.0023179793234973,0.0,99.99999808382488,0.0,0.0049222400108871
2593.5,158,1,61,0,-60,-0.6108731,0.21391909,0.0023179793234973,0.0,99.99999808382488,0.0,0.0049222400108871
2594.0,159,1,62,0,-61,0.29854798,0.4392106,0.0023179793234973,0.0,99.99999808382488,0.0,0.0049222400108871
2594.5,161,1,64,0,-63,-0.27650312,0.41907936,0.0023179793234973,0.0,99.99999808382488,0.0,0.0049222400108871
2595.0,161,1,64,0,-63,-0.27650312,0.41907936,0.0023179793234973,0.0,99.99999808382488,0.0,0.0049222400108871
2595.5,161,1,64,0,-63,-0.27650312,0.41907936,0.0023179793234973,0.0,99.99999808382488,0.0,0.0049222400108871
2596.0,161,1,64,0,-63,-0.27650312,0.41907936,0.0023179793234973,0.0,99.99999808382488,0.0,0.0049222400108871
2596.5,162,1,64,0,-63,-0.3982894,0.10834082,0.0023179793234973,0.0,99.99999808382488,0.0,0.0049222400108871
2597.0,160,1,63,0,-62,0.33351725,0.63554513,0.0023179793234973,0.0,99.99999808382488,0.0,0.0049222400108871
2597.5,159,1,63,0,-62,0.6329597,0.29749283,0.0023179793234973,0.0,99.99999808382488,0.0,0.0049222400108871
2598.0,158,1,63,0,-62,0.07738961,0.41823182,0.0023179793234973,0.0,99.99999808382488,0.0,0.0049222400108871
2598.5,157,1,62,0,-61,0.91682255,1.0023285,0.0023179793234973,0.0,99.99999808382488,0.0,0.0049222400108871
2599.0,157,1,62,0,-61,0.91682255,1.0023285,0.0023179793234973,0.0,99.99999808382488,0.0,0.0049222400108871
2599.5,159,1,63,0,-62,0.9999672,-0.164272,0.0023179793234973,0.0,99.99999808382488,0.0,0.0049222400108871
2600.0,159,1,63,0,-62,0.9999672,-0.164272,0.0023179793234973,0.0,99.99999808382488,0.0,0.0049222400108871
2600.5,159,1,63,0,-62,0.9999672,-0.164272,0.0023179793234973,0.0,99.99999808382488,0.0,0.0049222400108871
2601.0,160,1,64,0,-63,0.9253043,-0.1569361,0.0023179793234973,0.0,99.99999808382488,0.0,0.0049222400108871
2601.5,160,1,64,0,-63,0.9253043,-0.1569361,0.0023179793234973,0.0,99.99999808382488,0.0,0.0049222400108871
2602.0,160,1,64,0,-63,0.9253043,-0.1569361,0.0023179793234973,0.0,99.99999808382488,0.0,0.0049222400108871
2602.5,160,1,64,0,-63,0.9253043,-0.1569361,0.0023179793234973,0.0,99.99999808382488,0.0,0.0049222400108871
2603.0,160,1,64,0,-63,0.9253043,-0.1569361,0.0023179793234973,0.0,99.99999808382488,0.0,0.0049222400108871
2603.5,161,1,65,0,-64,1.035948,-0.31989872,0.0023179793234973,0.0,99.99999808382488,0.0,0.0049222400108871
2604.0,160,1,64,0,-63,0.39574102,-0.08671264,0.0023179793234973,0.0,99.99999808382488,0.0,0.0049222400108871
2604.5,161,1,65,0,-64,0.28540057,0.0333395,0.0023179793234973,0.0,99.99999808382488,0.0,0.0049222400108871
2605.0,161,1,65,0,-64,0.28540057,0.0333395,0.0023179793234973,0.0,99.99999808382488,0.0,0.0049222400108871
2605.5,161,1,65,0,-64,0.28540057,0.0333395,0.0023179793234973,0.0,99.99999808382488,0.0,0.0049222400108871
2606.0,157,1,62,0,-61,0.6285465,0.04140146,0.0023179793234973,0.0,99.99999808382488,0.0,0.0049222400108871
2606.5,157,1,62,0,-61,0.6285465,0.04140146,0.0023179793234973,0.0,99.99999808382488,0.0,0.0049222400108871
2607.0,158,1,63,0,-62,0.14203137,-0.052955195,0.0023179793234973,0.0,99.99999808382488,0.0,0.0049222400108871
2607.5,158,1,63,0,-62,0.14203137,-0.052955195,0.0023179793234973,0.0,99.99999808382488,0.0,0.0049222400108871
2608.0,156,1,62,0,-61,0.040371373,-0.14893238,0.0023179793234973,0.0,99.99999808382488,0.0,0.0049222400108871
2608.5,157,1,63,0,-62,0.20430014,0.5865773,0.0023179793234973,0.0,99.99999808382488,0.0,0.0049222400108871
2609.0,157,1,63,0,-62,0.20430014,0.5865773,0.0023179793234973,0.0,99.99999808382488,0.0,0.0049222400108871
2609.5,156,1,63,0,-62,0.049841702,-0.019074053,0.0023179793234973,0.0,99.99999808382488,0.0,0.0049222400108871
2610.0,156,1,63,0,-62,0.049841702,-0.019074053,0.0023179793234973,0.0,99.99999808382488,0.0,0.0049222400108871
2610.5,156,1,63,0,-62,0.074047014,-0.40804172,0.0023179793234973,0.0,99.99999808382488,0.0,0.0049222400108871
2611.0,159,1,65,0,-64,0.9205409,0.9558358,0.0023179793234973,0.0,99.99999808382488,0.0,0.0049222400108871
2611.5,158,1,64,0,-63,1.1548848,0.73908156,0.0023179793234973,0.0,99.99999808382488,0.0,0.0049222400108871
2612.0,157,1,63,0,-62,0.085876614,0.09552428,0.0023179793234973,0.0,99.99999808382488,0.0,0.0049222400108871
2612.5,157,1,63,0,-62,0.085876614,0.09552428,0.0023179793234973,0.0,99.99999808382488,0.0,0.0049222400108871
2613.0,157,1,63,0,-62,0.085876614,0.09552428,0.0023179793234973,0.0,99.99999808382488,0.0,0.0049222400108871
2613.5,157,1,63,0,-62,0.085876614,0.09552428,0.0023179793234973,0.0,99.99999808382488,0.0,0.0049222400108871
2614.0,157,1,63,0,-62,0.085876614,0.09552428,0.0023179793234973,0.0,99.99999808382488,0.0,0.0049222400108871
2614.5,156,1,62,0,-61,0.9775059,0.44861925,0.0023179793234973,0.0,99.99999808382488,0.0,0.0049222400108871
2615.0,156,1,62,0,-61,0.9775059,0.44861925,0.0023179793234973,0.0,99.99999808382488,0.0,0.0049222400108871
2615.5,156,1,62,0,-61,0.9775059,0.44861925,0.0023179793234973,0.0,99.99999808382488,0.0,0.0049222400108871
2616.0,156,1,62,0,-61,0.9775059,0.44861925,0.0023179793234973,0.0,99.99999808382488,0.0,0.0049222400108871
2616.5,156,1,62,0,-61,0.9775059,0.44861925,0.0023179793234973,0.0,99.99999808382488,0.0,0.0049222400108871
2617.0,156,1,62,0,-61,0.9775059,0.44861925,0.0023179793234973,0.0,99.99999808382488,0.0,0.0049222400108871
2617.5,156,1,62,0,-61,0.9775059,0.44861925,0.0023179793234973,0.0,99.99999808382488,0.0,0.0049222400108871
2618.0,157,1,62,0,-61,0.015017539,-0.10827874,0.0023179793234973,0.0,99.99999808382488,0.0,0.0049222400108871
2618.5,156,1,62,0,-61,0.2839172,-0.10274719,0.0023179793234973,0.0,99.99999808382488,0.0,0.0049222400108871
2619.0,155,1,61,0,-60,0.31617826,0.10973358,0.0023179793234973,0.0,99.99999808382488,0.0,0.0049222400108871
2619.5,154,1,60,0,-59,0.026189536,-0.3016823,0.0023179793234973,0.0,99.99999808382488,0.0,0.0049222400108871
2620.0,156,1,61,0,-60,0.42478073,0.34135288,0.0023179793234973,0.0,99.99999808382488,0.0,0.0049222400108871
2620.5,155,1,60,0,-59,0.5288191,-0.5251778,0.0023179793234973,0.0,99.99999808382488,0.0,0.0049222400108871
2621.0,155,1,60,0,-59,0.5288191,-0.5251778,0.0023179793234973,0.0,99.99999808382488,0.0,0.0049222400108871
2621.5,155,1,60,0,-59,0.5288191,-0.5251778,0.0023179793234973,0.0,99.99999808382488,0.0,0.0049222400108871
2622.0,155,1,60,0,-59,0.5288191,-0.5251778,0.0023179793234973,0.0,99.99999808382488,0.0,0.0049222400108871
2622.5,154,1,59,0,-58,-0.50531673,0.71926636,0.0023179793234973,0.0,99.99999808382488,0.0,0.0049222400108871
2623.0,156,1,60,0,-59,0.4303975,0.130521,0.0023179793234973,0.0,99.99999808382488,0.0,0.0049222400108871
2623.5,156,1,60,0,-59,0.4303975,0.130521,0.0023179793234973,0.0,99.99999808382488,0.0,0.0049222400108871
2624.0,156,1,60,0,-59,0.4303975,0.130521,0.0023179793234973,0.0,99.99999808382488,0.0,0.0049222400108871
2624.5,157,1,61,0,-60,-0.07998112,0.21283557,0.0023179793234973,0.0,99.99999808382488,0.0,0.0049222400108871
2625.0,157,1,61,0,-60,-0.07998112,0.21283557,0.0023179793234973,0.0,99.99999808382488,0.0,0.0049222400108871
2625.5,157,1,61,0,-60,-0.07998112,0.21283557,0.0023179793234973,0.0,99.99999808382488,0.0,0.0049222400108871
2626.0,157,1,61,0,-60,-0.07998112,0.21283557,0.0023179793234973,0.0,99.99999808382488,0.0,0.0049222400108871
2626.5,157,1,61,0,-60,0.77054477,0.14099835,0.0023179793234973,0.0,99.99999808382488,0.0,0.0049222400108871
2627.0,156,1,60,0,-59,0.14818439,-0.33488864,0.0023179793234973,0.0,99.99999808382488,0.0,0.0049222400108871
2627.5,156,1,60,0,-59,0.14818439,-0.33488864,0.0023179793234973,0.0,99.99999808382488,0.0,0.0049222400108871
2628.0,158,1,62,0,-61,0.1475361,0.86916703,0.0023179793234973,0.0,99.99999808382488,0.0,0.0049222400108871
2628.5,160,1,64,0,-63,-0.82094455,1.0279094,0.0023179793234973,0.0,99.99999808382488,0.0,0.0049222400108871
2629.0,162,1,66,0,-65,-0.7206509,0.70477974,0.0023179793234973,0.0,99.99999808382488,0.0,0.0049222400108871
2629.5,163,1,67,0,-66,0.6914942,0.80535114,0.0023179793234973,0.0,99.99999808382488,0.0,0.0049222400108871
2630.0,164,1,68,0,-67,-0.009530604,0.7805933,0.0023179793234973,0.0,99.99999808382488,0.0,0.0049222400108871
2630.5,164,1,68,0,-67,-0.38610044,0.4810925,0.0023179793234973,0.0,99.99999808382488,0.0,0.0049222400108871
2631.0,162,1,66,0,-65,0.476826,-0.04526429,0.0023179793234973,0.0,99.99999808382488,0.0,0.0049222400108871
2631.5,161,1,65,0,-64,-0.13483253,0.57717377,0.0023179793234973,0.0,99.99999808382488,0.0,0.0049222400108871
2632.0,161,1,65,0,-64,0.23154181,0.17158638,0.0023179793234973,0.0,99.99999808382488,0.0,0.0049222400108871
2632.5,160,1,65,0,-64,-0.3426005,1.1181694,0.0023179793234973,0.0,99.99999808382488,0.0,0.0049222400108871
2633.0,160,1,65,0,-64,-0.3426005,1.1181694,0.0023179793234973,0.0,99.99999808382488,0.0,0.0049222400108871
2633.5,160,1,65,0,-64,-0.3426005,1.1181694,0.0023179793234973,0.0,99.99999808382488,0.0,0.0049222400108871
2634.0,160,1,65,0,-64,-0.3426005,1.1181694,0.0023179793234973,0.0,99.99999808382488,0.0,0.0049222400108871
2634.5,163,1,68,0,-67,-0.38367835,0.87886065,0.0023179793234973,0.0,99.99999808382488,0.0,0.0049222400108871
2635.0,164,1,68,0,-67,-0.38367835,0.87886065,0.0023179793234973,0.0,99.99999808382488,0.0,0.0049222400108871
2635.5,163,1,67,0,-66,0.33228248,-0.47257215,0.0023179793234973,0.0,99.99999808382488,0.0,0.0049222400108871
2636.0,163,1,67,0,-66,0.33228248,-0.47257215,0.0023179793234973,0.0,99.99999808382488,0.0,0.0049222400108871
2636.5,163,1,67,0,-66,-0.4064525,0.74918324,0.0023179793234973,0.0,99.99999808382488,0.0,0.0049222400108871
2637.0,163,1,67,0,-66,-0.4064525,0.74918324,0.0023179793234973,0.0,99.99999808382488,0.0,0.0049222400108871
2637.5,163,1,67,0,-66,-0.4064525,0.74918324,0.0023179793234973,0.0,99.99999808382488,0.0,0.0049222400108871
2638.0,163,1,67,0,-66,-0.4064525,0.74918324,0.0023179793234973,0.0,99.99999808382488,0.0,0.0049222400108871
2638.5,164,1,68,0,-67,-0.3264238,0.54583555,0.0023179793234973,0.0,99.99999808382488,0.0,0.0049222400108871
2639.0,164,1,68,0,-67,-0.13028318,0.24903409,0.0023179793234973,0.0,99.99999808382488,0.0,0.0049222400108871
2639.5,164,1,68,0,-67,-0.13028318,0.24903409,0.0023179793234973,0.0,99.99999808382488,0.0,0.0049222400108871
2640.0,164,1,68,0,-67,-0.13028318,0.24903409,0.0023179793234973,0.0,99.99999808382488,0.0,0.0049222400108871
2640.5,163,1,67,0,-66,-0.15007773,0.7762379,0.0023179793234973,0.0,99.99999808382488,0.0,0.0049222400108871
2641.0,164,1,67,0,-66,0.15515488,0.013599619,0.0023179793234973,0.0,99.99999808382488,0.0,0.0049222400108871
2641.5,164,1,67,0,-66,0.15515488,0.013599619,0.0023179793234973,0.0,99.99999808382488,0.0,0.0049222400108871
2642.0,164,1,67,0,-66,0.15515488,0.013599619,0.0023179793234973,0.0,99.99999808382488,0.0,0.0049222400108871
2642.5,164,1,67,0,-66,0.15515488,0.013599619,0.0023179793234973,0.0,99.99999808382488,0.0,0.0049222400108871
2643.0,163,1,66,0,-65,0.10078737,-0.07579164,0.0023179793234973,0.0,99.99999808382488,0.0,0.0049222400108871
2643.5,164,1,67,0,-66,0.0151053965,0.35954717,0.0023179793234973,0.0,99.99999808382488,0.0,0.0049222400108871
2644.0,163,1,66,0,-65,0.3003531,0.25815704,0.0023179793234973,0.0,99.99999808382488,0.0,0.0049222400108871
2644.5,164,1,67,0,-66,-0.3975589,1.034288,0.0023179793234973,0.0,99.99999808382488,0.0,0.0049222400108871
2645.0,164,1,67,0,-66,-0.3975589,1.034288,0.0023179793234973,0.0,99.99999808382488,0.0,0.0049222400108871
2645.5,163,1,67,0,-66,-0.109123856,-0.29724377,0.0023179793234973,0.0,99.99999808382488,0.0,0.0049222400108871
2646.0,164,1,68,0,-67,-0.29953447,-0.26393634,0.0023179793234973,0.0,99.99999808382488,0.0,0.0049222400108871
2646.5,164,1,68,0,-67,-0.29953447,-0.26393634,0.0023179793234973,0.0,99.99999808382488,0.0,0.0049222400108871
2647.0,164,1,68,0,-67,-0.29953447,-0.26393634,0.0023179793234973,0.0,99.99999808382488,0.0,0.0049222400108871
2647.5,165,1,69,0,-68,-0.35785338,1.3607141,0.0023179793234973,0.0,99.99999808382488,0.0,0.0049222400108871
2648.0,164,1,69,0,-68,-0.35785338,1.3607141,0.0023179793234973,0.0,99.99999808382488,0.0,0.0049222400108871
2648.5,164,1,69,0,-68,-0.35785338,1.3607141,0.0023179793234973,0.0,99.99999808382488,0.0,0.0049222400108871
2649.0,162,1,68,0,-67,-0.33417466,0.30579448,0.0023179793234973,0.0,99.99999808382488,0.0,0.0049222400108871
2649.5,161,1,67,0,-66,-0.5054399,0.37056392,0.0023179793234973,0.0,99.99999808382488,0.0,0.0049222400108871
2650.0,160,1,66,0,-65,0.39029372,0.27140218,0.0023179793234973,0.0,99.99999808382488,0.0,0.0049222400108871
2650.5,160,1,66,0,-65,0.39029372,0.27140218,0.0023179793234973,0.0,99.99999808382488,0.0,0.0049222400108871
2651.0,160,1,66,0,-65,0.39029372,0.27140218,0.0023179793234973,0.0,99.99999808382488,0.0,0.0049222400108871
2651.5,160,1,66,0,-65,0.39029372,0.27140218,0.0023179793234973,0.0,99.99999808382488,0.0,0.0049222400108871
2652.0,160,1,66,0,-65,0.39029372,0.27140218,0.0023179793234973,0.0,99.99999808382488,0.0,0.0049222400108871
2652.5,160,1,65,0,-64,0.4441101,0.21221726,0.0023179793234973,0.0,99.99999808382488,0.0,0.0049222400108871
2653.0,160,1,65,0,-64,0.4441101,0.21221726,0.0023179793234973,0.0,99.99999808382488,0.0,0.0049222400108871
2653.5,160,1,65,0,-64,0.4441101,0.21221726,0.0023179793234973,0.0,99.99999808382488,0.0,0.0049222400108871
2654.0,161,1,66,0,-65,0.34640032,0.123850115,0.0023179793234973,0.0,99.99999808382488,0.0,0.0049222400108871
2654.5,161,1,66,0,-65,0.34640032,0.123850115,0.0023179793234973,0.0,99.99999808382488,0.0,0.0049222400108871
2655.0,161,1,66,0,-65,0.34640032,0.123850115,0.0023179793234973,0.0,99.99999808382488,0.0,0.0049222400108871
2655.5,161,1,66,0,-65,0.34640032,0.123850115,0.0023179793234973,0.0,99.99999808382488,0.0,0.0049222400108871
2656.0,161,1,66,0,-65,0.34640032,0.123850115,0.0023179793234973,0.0,99.99999808382488,0.0,0.0049222400108871
2656.5,160,1,65,0,-64,1.5742813,0.6436612,0.0023179793234973,0.0,99.99999808382488,0.0,0.0049222400108871
2657.0,160,1,65,0,-64,0.13349466,0.7582712,0.0023179793234973,0.0,99.99999808382488,0.0,0.0049222400108871
2657.5,161,1,66,0,-65,1.4047385,1.2325927,0.0023179793234973,0.0,99.99999808382488,0.0,0.0049222400108871
2658.0,159,1,64,0,-63,-0.50867903,0.017086,0.0023179793234973,0.0,99.99999808382488,0.0,0.0049222400108871
2658.5,160,1,64,0,-63,-0.20203683,1.4816494,0.0023179793234973,0.0,99.99999808382488,0.0,0.0049222400108871
2659.0,161,1,65,0,-64,-0.48456964,0.20087673,0.0023179793234973,0.0,99.99999808382488,0.0,0.0049222400108871
2659.5,164,1,66,0,-65,-0.083238155,-0.2777825,0.0023179793234973,0.0,99.99999808382488,0.0,0.0049222400108871
2660.0,164,1,66,0,-65,-0.083238155,-0.2777825,0.0023179793234973,0.0,99.99999808382488,0.0,0.0049222400108871
2660.5,164,1,66,0,-65,-0.083238155,-0.2777825,0.0023179793234973,0.0,99.99999808382488,0.0,0.0049222400108871
2661.0,164,1,66,0,-65,-0.083238155,-0.2777825,0.0023179793234973,0.0,99.99999808382488,0.0,0.0049222400108871
2661.5,165,1,67,0,-66,-0.4162372,0.20238215,0.0023179793234973,0.0,99.99999808382488,0.0,0.0049222400108871
2662.0,163,1,65,0,-64,-0.71956563,-0.5957988,0.0023179793234973,0.0,99.99999808382488,0.0,0.0049222400108871
2662.5,162,1,64,0,-63,0.022715807,-0.41488653,0.0023179793234973,0.0,99.99999808382488,0.0,0.0049222400108871
2663.0,161,1,63,0,-62,-0.25505206,-0.2898931,0.0023179793234973,0.0,99.99999808382488,0.0,0.0049222400108871
2663.5,164,1,66,0,-65,-0.313561,0.23531948,0.0023179793234973,0.0,99.99999808382488,0.0,0.0049222400108871
2664.0,164,1,66,0,-65,-0.313561,0.23531948,0.0023179793234973,0.0,99.99999808382488,0.0,0.0049222400108871
2664.5,163,1,65,0,-64,-0.33408853,0.20256032,0.0023179793234973,0.0,99.99999808382488,0.0,0.0049222400108871
2665.0,163,1,65,0,-64,-0.33408853,0.20256032,0.0023179793234973,0.0,99.99999808382488,0.0,0.0049222400108871
2665.5,163,1,65,0,-64,-0.33408853,0.20256032,0.0023179793234973,0.0,99.99999808382488,0.0,0.0049222400108871
2666.0,163,1,65,0,-64,-0.33408853,0.20256032,0.0023179793234973,0.0,99.99999808382488,0.0,0.0049222400108871
2666.5,165,1,66,0,-65,0.767781,-0.40137357,0.0023179793234973,0.0,99.99999808382488,0.0,0.0049222400108871
2667.0,166,1,67,0,-66,0.65791035,-0.18396915,0.0023179793234973,0.0,99.99999808382488,0.0,0.0049222400108871
2667.5,166,1,67,0,-66,0.65791035,-0.18396915,0.0023179793234973,0.0,99.99999808382488,0.0,0.0049222400108871
2668.0,165,1,66,0,-65,0.25451097,-1.1123418,0.0023179793234973,0.0,99.99999808382488,0.0,0.0049222400108871
2668.5,162,1,63,0,-62,0.0236502,0.5070002,0.0023179793234973,0.0,99.99999808382488,0.0,0.0049222400108871
2669.0,162,1,63,0,-62,0.0236502,0.5070002,0.0023179793234973,0.0,99.99999808382488,0.0,0.0049222400108871
2669.5,161,1,62,0,-61,-0.08602059,0.2788065,0.0023179793234973,0.0,99.99999808382488,0.0,0.0049222400108871
2670.0,161,1,62,0,-61,-0.08602059,0.2788065,0.0023179793234973,0.0,99.99999808382488,0.0,0.0049222400108871
2670.5,161,1,62,0,-61,-0.08602059,0.2788065,0.0023179793234973,0.0,99.99999808382488,0.0,0.0049222400108871
2671.0,160,1,62,0,-61,0.1432862,0.4570682,0.0023179793234973,0.0,99.99999808382488,0.0,0.0049222400108871
2671.5,160,1,62,0,-61,-0.24516991,-0.2940578,0.0023179793234973,0.0,99.99999808382488,0.0,0.0049222400108871
2672.0,160,1,63,0,-62,-0.35401645,0.50659406,0.0023179793234973,0.0,99.99999808382488,0.0,0.0049222400108871
2672.5,161,1,64,0,-63,-0.2903342,-0.33143783,0.0023179793234973,0.0,99.99999808382488,0.0,0.0049222400108871
2673.0,160,1,64,0,-63,-0.36601666,0.15310131,0.0023179793234973,0.0,99.99999808382488,0.0,0.0049222400108871
2673.5,159,1,63,0,-62,-0.3012503,-0.30637753,0.0023179793234973,0.0,99.99999808382488,0.0,0.0049222400108871
2674.0,160,1,63,0,-62,0.5594709,0.3867041,0.0023179793234973,0.0,99.99999808382488,0.0,0.0049222400108871
2674.5,162,1,64,0,-63,-0.35293642,0.17551905,0.0023179793234973,0.0,99.99999808382488,0.0,0.0049222400108871
2675.0,162,1,64,0,-63,-0.35293642,0.17551905,0.0023179793234973,0.0,99.99999808382488,0.0,0.0049222400108871
2675.5,162,1,64,0,-63,-0.69805586,0.3892893,0.0023179793234973,0.0,99.99999808382488,0.0,0.0049222400108871
2676.0,162,1,64,0,-63,-0.69805586,0.3892893,0.0023179793234973,0.0,99.99999808382488,0.0,0.0049222400108871
2676.5,162,1,64,0,-63,-0.69805586,0.3892893,0.0023179793234973,0.0,99.99999808382488,0.0,0.0049222400108871
2677.0,162,1,65,0,-64,-0.0031660497,-0.4789217,0.0023179793234973,0.0,99.99999808382488,0.0,0.0049222400108871
2677.5,162,1,65,0,-64,-0.0031660497,-0.4789217,0.0023179793234973,0.0,99.99999808382488,0.0,0.0049222400108871
2678.0,162,1,65,0,-64,-0.0031660497,-0.4789217,0.0023179793234973,0.0,99.99999808382488,0.0,0.0049222400108871
2678.5,161,1,65,0,-64,0.0065236688,-0.048230335,0.0023179793234973,0.0,99.99999808382488,0.0,0.0049222400108871
2679.0,162,1,65,0,-64,-0.71397734,-0.17387737,0.0023179793234973,0.0,99.99999808382488,0.0,0.0049222400108871
2679.5,161,1,64,0,-63,0.18087429,0.3507331,0.0023179793234973,0.0,99.99999808382488,0.0,0.0049222400108871
2680.0,160,1,63,0,-62,-0.31466934,-0.35641903,0.0023179793234973,0.0,99.99999808382488,0.0,0.0049222400108871
2680.5,160,1,63,0,-62,-0.31466934,-0.35641903,0.0023179793234973,0.0,99.99999808382488,0.0,0.0049222400108871
2681.0,158,1,61,0,-60,-0.00047808886,-1.0060009,0.0023179793234973,0.0,99.99999808382488,0.0,0.0049222400108871
2681.5,158,1,61,0,-60,-0.00047808886,-1.0060009,0.0023179793234973,0.0,99.99999808382488,0.0,0.0049222400108871
2682.0,158,1,62,0,-61,0.77929366,-1.0124457,0.0023179793234973,0.0,99.99999808382488,0.0,0.0049222400108871
2682.5,158,1,62,0,-61,0.77929366,-1.0124457,0.0023179793234973,0.0,99.99999808382488,0.0,0.0049222400108871
2683.0,158,1,62,0,-61,0.77929366,-1.0124457,0.0023179793234973,0.0,99.99999808382488,0.0,0.0049222400108871
2683.5,158,1,62,0,-61,0.77929366,-1.0124457,0.0023179793234973,0.0,99.99999808382488,0.0,0.0049222400108871
2684.0,158,1,62,0,-61,0.5208691,-0.20671202,0.0023179793234973,0.0,99.99999808382488,0.0,0.0049222400108871
2684.5,158,1,62,0,-61,0.5208691,-0.20671202,0.0023179793234973,0.0,99.99999808382488,0.0,0.0049222400108871
2685.0,159,1,62,0,-61,-0.0067533553,1.1701981,0.0023179793234973,0.0,99.99999808382488,0.0,0.0049222400108871
2685.5,160,1,63,0,-62,0.43153235,0.19196498,0.0023179793234973,0.0,99.99999808382488,0.0,0.0049222400108871
2686.0,161,1,64,0,-63,-0.031243503,0.77821034,0.0023179793234973,0.0,99.99999808382488,0.0,0.0049222400108871
2686.5,162,1,64,0,-63,-0.14129293,1.0281663,0.0023179793234973,0.0,99.99999808382488,0.0,0.0049222400108871
2687.0,160,1,63,0,-62,0.5675159,-1.1000463,0.0023179793234973,0.0,99.99999808382488,0.0,0.0049222400108871
2687.5,160,1,63,0,-62,0.5675159,-1.1000463,0.0023179793234973,0.0,99.99999808382488,0.0,0.0049222400108871
2688.0,160,1,62,0,-61,-0.0077117085,0.33038545,0.0023179793234973,0.0,99.99999808382488,0.0,0.0049222400108871
2688.5,158,1,60,0,-59,0.035832524,-0.20370038,0.0023179793234973,0.0,99.99999808382488,0.0,0.0049222400108871
2689.0,158,1,60,0,-59,0.035832524,-0.20370038,0.0023179793234973,0.0,99.99999808382488,0.0,0.0049222400108871
2689.5,158,1,60,0,-59,0.035832524,-0.20370038,0.0023179793234973,0.0,99.99999808382488,0.0,0.0049222400108871
2690.0,159,1,61,0,-60,0.22560641,-0.36571938,0.0023179793234973,0.0,99.99999808382488,0.0,0.0049222400108871
2690.5,159,1,61,0,-60,0.22560641,-0.36571938,0.0023179793234973,0.0,99.99999808382488,0.0,0.0049222400108871
2691.0,159,1,61,0,-60,0.240497,-0.13039573,0.0023179793234973,0.0,99.99999808382488,0.0,0.0049222400108871
2691.5,160,1,62,0,-61,-0.06530461,0.42979753,0.0023179793234973,0.0,99.99999808382488,0.0,0.0049222400108871
2692.0,161,1,63,0,-62,-0.00889492,0.24021223,0.0023179793234973,0.0,99.99999808382488,0.0,0.0049222400108871
2692.5,162,1,64,0,-63,0.30495286,0.49822164,0.0023179793234973,0.0,99.99999808382488,0.0,0.0049222400108871
2693.0,162,1,64,0,-63,0.176667,0.008118823,0.0023179793234973,0.0,99.99999808382488,0.0,0.0049222400108871
2693.5,159,1,62,0,-61,0.17311585,-1.0242814,0.0023179793234973,0.0,99.99999808382488,0.0,0.0049222400108871
2694.0,159,1,63,0,-62,-0.7582921,0.35667855,0.0023179793234973,0.0,99.99999808382488,0.0,0.0049222400108871
2694.5,161,1,64,0,-63,-0.22288868,0.063082635,0.0023179793234973,0.0,99.99999808382488,0.0,0.0049222400108871
2695.0,160,1,63,0,-62,0.4078061,-0.88697165,0.0023179793234973,0.0,99.99999808382488,0.0,0.0049222400108871
2695.5,160,1,63,0,-62,0.4078061,-0.88697165,0.0023179793234973,0.0,99.99999808382488,0.0,0.0049222400108871
2696.0,161,1,63,0,-62,0.28924724,-0.53934807,0.0023179793234973,0.0,99.99999808382488,0.0,0.0049222400108871
2696.5,161,1,63,0,-62,0.28924724,-0.53934807,0.0023179793234973,0.0,99.99999808382488,0.0,0.0049222400108871
2697.0,161,1,63,0,-62,0.28924724,-0.53934807,0.0023179793234973,0.0,99.99999808382488,0.0,0.0049222400108871
2697.5,163,1,64,0,-63,-0.74524295,-0.38858825,0.0023179793234973,0.0,99.99999808382488,0.0,0.0049222400108871
2698.0,163,1,64,0,-63,-0.74524295,-0.38858825,0.0023179793234973,0.0,99.99999808382488,0.0,0.0049222400108871
2698.5,162,1,63,0,-62,0.43022785,-0.18467496,0.0023179793234973,0.0,99.99999808382488,0.0,0.0049222400108871
2699.0,162,1,64,0,-63,0.12834677,-0.44951314,0.0023179793234973,0.0,99.99999808382488,0.0,0.0049222400108871
2699.5,162,1,64,0,-63,-0.09634167,-0.66827005,0.0023179793234973,0.0,99.99999808382488,0.0,0.0049222400108871
2700.0,160,1,63,0,-62,-0.35474828,0.29312605,0.0023179793234973,0.0,99.99999808382488,0.0,0.0049222400108871
2700.5,160,1,63,0,-62,0.5628006,0.7624778,0.0023179793234973,0.0,99.99999808382488,0.0,0.0049222400108871
2701.0,160,1,63,0,-62,-0.08698833,-1.1203023,0.0023179793234973,0.0,99.99999808382488,0.0,0.0049222400108871
2701.5,160,1,63,0,-62,-0.039851815,0.8815251,0.0023179793234973,0.0,99.99999808382488,0.0,0.0049222400108871
2702.0,159,1,62,0,-61,0.1376197,-0.88641113,0.0023179793234973,0.0,99.99999808382488,0.0,0.0049222400108871
2702.5,159,1,62,0,-61,0.1376197,-0.88641113,0.0023179793234973,0.0,99.99999808382488,0.0,0.0049222400108871
2703.0,159,1,62,0,-61,0.1376197,-0.88641113,0.0023179793234973,0.0,99.99999808382488,0.0,0.0049222400108871
2703.5,158,1,61,0,-60,-0.2409524,-0.26810342,0.0023179793234973,0.0,99.99999808382488,0.0,0.0049222400108871
2704.0,159,1,62,0,-61,0.73943996,-0.26660156,0.0023179793234973,0.0,99.99999808382488,0.0,0.0049222400108871
2704.5,166,1,67,0,-66,0.177107,0.47897226,0.0023179793234973,0.0,99.99999808382488,0.0,0.0049222400108871
2705.0,161,1,64,0,-63,-0.5431212,0.47243756,0.0023179793234973,0.0,99.99999808382488,0.0,0.0049222400108871
2705.5,161,1,64,0,-63,0.31041968,1.0021219,0.0023179793234973,0.0,99.99999808382488,0.0,0.0049222400108871
2706.0,161,1,64,0,-63,0.31041968,1.0021219,0.0023179793234973,0.0,99.99999808382488,0.0,0.0049222400108871
2706.5,160,1,63,0,-62,-0.25184932,0.45894134,0.0023179793234973,0.0,99.99999808382488,0.0,0.0049222400108871
2707.0,161,1,64,0,-63,-0.32798412,0.61020917,0.0023179793234973,0.0,99.99999808382488,0.0,0.0049222400108871
2707.5,160,1,63,0,-62,-0.41090408,0.743043,0.0023179793234973,0.0,99.99999808382488,0.0,0.0049222400108871
2708.0,158,1,61,0,-60,-0.07328412,-0.29348445,0.0023179793234973,0.0,99.99999808382488,0.0,0.0049222400108871
2708.5,159,1,62,0,-61,-0.2662566,0.8005277,0.0023179793234973,0.0,99.99999808382488,0.0,0.0049222400108871
2709.0,158,1,61,0,-60,-0.32168546,0.7291303,0.0023179793234973,0.0,99.99999808382488,0.0,0.0049222400108871
2709.5,158,1,61,0,-60,-0.32168546,0.7291303,0.0023179793234973,0.0,99.99999808382488,0.0,0.0049222400108871
2710.0,159,1,62,0,-61,0.23222214,0.65526456,0.0023179793234973,0.0,99.99999808382488,0.0,0.0049222400108871
2710.5,161,1,64,0,-63,1.1442695,0.24836539,0.0023179793234973,0.0,99.99999808382488,0.0,0.0049222400108871
2711.0,160,1,63,0,-62,0.25193238,0.07625353,0.0023179793234973,0.0,99.99999808382488,0.0,0.0049222400108871
2711.5,159,1,62,0,-61,0.2593587,0.5541989,0.0023179793234973,0.0,99.99999808382488,0.0,0.0049222400108871
2712.0,160,1,63,0,-62,0.35281622,1.4796875,0.0023179793234973,0.0,99.99999808382488,0.0,0.0049222400108871
2712.5,161,1,64,0,-63,0.24579954,-0.36081964,0.0023179793234973,0.0,99.99999808382488,0.0,0.0049222400108871
2713.0,161,1,64,0,-63,0.24579954,-0.36081964,0.0023179793234973,0.0,99.99999808382488,0.0,0.0049222400108871
2713.5,162,1,65,0,-64,0.057567343,-0.23978905,0.0023179793234973,0.0,99.99999808382488,0.0,0.0049222400108871
2714.0,161,1,64,0,-63,1.8857228,0.7358169,0.0023179793234973,0.0,99.99999808382488,0.0,0.0049222400108871
2714.5,158,1,62,0,-61,0.09222908,-0.35448152,0.0023179793234973,0.0,99.99999808382488,0.0,0.0049222400108871
2715.0,157,1,61,0,-60,-0.33850464,0.0789396,0.0023179793234973,0.0,99.99999808382488,0.0,0.0049222400108871
2715.5,162,1,64,0,-63,0.5734199,-0.96739095,0.0023179793234973,0.0,99.99999808382488,0.0,0.0049222400108871
2716.0,157,1,61,0,-60,-0.07443163,-0.8197742,0.0023179793234973,0.0,99.99999808382488,0.0,0.0049222400108871
2716.5,156,1,60,0,-59,-0.34169593,0.92430097,0.0023179793234973,0.0,99.99999808382488,0.0,0.0049222400108871
2717.0,156,1,59,0,-58,-0.28683117,0.49597508,0.0023179793234973,0.0,99.99999808382488,0.0,0.0049222400108871
2717.5,156,1,59,0,-58,-0.28683117,0.49597508,0.0023179793234973,0.0,99.99999808382488,0.0,0.0049222400108871
2718.0,156,1,59,0,-58,-0.28683117,0.49597508,0.0023179793234973,0.0,99.99999808382488,0.0,0.0049222400108871
2718.5,156,1,59,0,-58,-0.28683117,0.49597508,0.0023179793234973,0.0,99.99999808382488,0.0,0.0049222400108871
2719.0,157,1,60,0,-59,-0.23892859,0.8465037,0.0023179793234973,0.0,99.99999808382488,0.0,0.0049222400108871
2719.5,158,1,61,0,-60,0.14711292,-0.21547948,0.0023179793234973,0.0,99.99999808382488,0.0,0.0049222400108871
2720.0,159,1,62,0,-61,-0.26183906,0.29252777,0.0023179793234973,0.0,99.99999808382488,0.0,0.0049222400108871
2720.5,160,1,63,0,-62,0.044513583,0.4253273,0.0023179793234973,0.0,99.99999808382488,0.0,0.0049222400108871
2721.0,160,1,63,0,-62,0.044513583,0.4253273,0.0023179793234973,0.0,99.99999808382488,0.0,0.0049222400108871
2721.5,159,1,63,0,-62,-0.27334282,0.171664,0.0023179793234973,0.0,99.99999808382488,0.0,0.0049222400108871
2722.0,160,1,64,0,-63,-0.37394658,1.3553623,0.0023179793234973,0.0,99.99999808382488,0.0,0.0049222400108871
2722.5,159,1,63,0,-62,0.32724625,0.5236327,0.0023179793234973,0.0,99.99999808382488,0.0,0.0049222400108871
2723.0,158,1,62,0,-61,-0.28193215,0.38172093,0.0023179793234973,0.0,99.99999808382488,0.0,0.0049222400108871
2723.5,159,1,63,0,-62,0.055620193,-0.7555171,0.0023179793234973,0.0,99.99999808382488,0.0,0.0049222400108871
2724.0,158,1,62,0,-61,0.10740897,-0.5069309,0.0023179793234973,0.0,99.99999808382488,0.0,0.0049222400108871
2724.5,158,1,62,0,-61,0.10740897,-0.5069309,0.0023179793234973,0.0,99.99999808382488,0.0,0.0049222400108871
2725.0,157,1,61,0,-60,0.16608937,-0.81228393,0.0023179793234973,0.0,99.99999808382488,0.0,0.0049222400108871
2725.5,156,1,61,0,-60,-0.36281267,1.0173795,0.0023179793234973,0.0,99.99999808382488,0.0,0.0049222400108871
2726.0,153,1,59,0,-58,0.6939617,-0.4882989,0.0023179793234973,0.0,99.99999808382488,0.0,0.0049222400108871
2726.5,154,1,60,0,-59,0.6904613,-0.4371946,0.0023179793234973,0.0,99.99999808382488,0.0,0.0049222400108871
2727.0,155,1,60,0,-59,0.74923015,-0.53568065,0.0023179793234973,0.0,99.99999808382488,0.0,0.0049222400108871
2727.5,155,1,60,0,-59,0.74923015,-0.53568065,0.0023179793234973,0.0,99.99999808382488,0.0,0.0049222400108871
2728.0,155,1,60,0,-59,0.74923015,-0.53568065,0.0023179793234973,0.0,99.99999808382488,0.0,0.0049222400108871
2728.5,153,1,59,0,-58,0.78282905,-0.543075,0.0023179793234973,0.0,99.99999808382488,0.0,0.0049222400108871
2729.0,153,1,59,0,-58,0.78282905,-0.543075,0.0023179793234973,0.0,99.99999808382488,0.0,0.0049222400108871
2729.5,153,1,59,0,-58,0.78282905,-0.543075,0.0023179793234973,0.0,99.99999808382488,0.0,0.0049222400108871
2730.0,153,1,59,0,-58,0.78282905,-0.543075,0.0023179793234973,0.0,99.99999808382488,0.0,0.0049222400108871
2730.5,153,1,59,0,-58,0.51113373,-0.6172243,0.0023179793234973,0.0,99.99999808382488,0.0,0.0049222400108871
2731.0,153,1,59,0,-58,0.51113373,-0.6172243,0.0023179793234973,0.0,99.99999808382488,0.0,0.0049222400108871
2731.5,153,1,59,0,-58,0.51113373,-0.6172243,0.0023179793234973,0.0,99.99999808382488,0.0,0.0049222400108871
2732.0,155,1,60,0,-59,-0.11847627,0.75258124,0.0023179793234973,0.0,99.99999808382488,0.0,0.0049222400108871
2732.5,155,1,60,0,-59,-0.11847627,0.75258124,0.0023179793234973,0.0,99.99999808382488,0.0,0.0049222400108871
2733.0,156,1,60,0,-59,0.041506857,-0.08366327,0.0023179793234973,0.0,99.99999808382488,0.0,0.0049222400108871
2733.5,160,1,63,0,-62,0.23703746,1.4728438,0.0023179793234973,0.0,99.99999808382488,0.0,0.0049222400108871
2734.0,161,1,63,0,-62,0.42094922,1.614631,0.0023179793234973,0.0,99.99999808382488,0.0,0.0049222400108871
2734.5,163,1,65,0,-64,0.37904695,0.0024132729,0.0023179793234973,0.0,99.99999808382488,0.0,0.0049222400108871
2735.0,162,1,64,0,-63,0.40501636,1.4866437,0.0023179793234973,0.0,99.99999808382488,0.0,0.0049222400108871
2735.5,162,1,64,0,-63,0.40501636,1.4866437,0.0023179793234973,0.0,99.99999808382488,0.0,0.0049222400108871
2736.0,162,1,64,0,-63,0.40501636,1.4866437,0.0023179793234973,0.0,99.99999808382488,0.0,0.0049222400108871
2736.5,160,1,64,0,-63,0.26625133,-0.16576423,0.0023179793234973,0.0,99.99999808382488,0.0,0.0049222400108871
2737.0,160,1,64,0,-63,0.26625133,-0.16576423,0.0023179793234973,0.0,99.99999808382488,0.0,0.0049222400108871
2737.5,160,1,64,0,-63,0.26625133,-0.16576423,0.0023179793234973,0.0,99.99999808382488,0.0,0.0049222400108871
2738.0,161,1,65,0,-64,1.3806589,1.100084,0.0023179793234973,0.0,99.99999808382488,0.0,0.0049222400108871
2738.5,161,1,65,0,-64,1.3806589,1.100084,0.0023179793234973,0.0,99.99999808382488,0.0,0.0049222400108871
2739.0,160,1,65,0,-64,1.4474758,0.44728988,0.0023179793234973,0.0,99.99999808382488,0.0,0.0049222400108871
2739.5,160,1,65,0,-64,1.4474758,0.44728988,0.0023179793234973,0.0,99.99999808382488,0.0,0.0049222400108871
2740.0,160,1,65,0,-64,1.4474758,0.44728988,0.0023179793234973,0.0,99.99999808382488,0.0,0.0049222400108871
2740.5,161,1,65,0,-64,1.3806589,1.100084,0.0023179793234973,0.0,99.99999808382488,0.0,0.0049222400108871
2741.0,160,1,64,0,-63,0.26625133,-0.16576423,0.0023179793234973,0.0,99.99999808382488,0.0,0.0049222400108871
2741.5,161,1,64,0,-63,-0.30708316,1.1777678,0.0023179793234973,0.0,99.99999808382488,0.0,0.0049222400108871
2742.0,161,1,62,0,-61,0.26645905,-0.29577082,0.0023179793234973,0.0,99.99999808382488,0.0,0.0049222400108871
2742.5,161,1,62,0,-61,0.26645905,-0.29577082,0.0023179793234973,0.0,99.99999808382488,0.0,0.0049222400108871
2743.0,162,1,63,0,-62,-0.23176447,1.116584,0.0023179793234973,0.0,99.99999808382488,0.0,0.0049222400108871
2743.5,162,1,63,0,-62,-0.23176447,1.116584,0.0023179793234973,0.0,99.99999808382488,0.0,0.0049222400108871
2744.0,162,1,63,0,-62,-0.23176447,1.116584,0.0023179793234973,0.0,99.99999808382488,0.0,0.0049222400108871
2744.5,161,1,63,0,-62,1.1959332,0.12827693,0.0023179793234973,0.0,99.99999808382488,0.0,0.0049222400108871
2745.0,163,1,64,0,-63,0.2898371,0.6928124,0.0023179793234973,0.0,99.99999808382488,0.0,0.0049222400108871
2745.5,164,1,64,0,-63,0.86443055,-0.3104344,0.0023179793234973,0.0,99.99999808382488,0.0,0.0049222400108871
2746.0,166,1,66,0,-65,-0.37094274,0.6790281,0.0023179793234973,0.0,99.99999808382488,0.0,0.0049222400108871
2746.5,165,1,65,0,-64,1.2149024,0.25180382,0.0023179793234973,0.0,99.99999808382488,0.0,0.0049222400108871
2747.0,164,1,66,0,-65,-0.1922988,1.1240138,0.0023179793234973,0.0,99.99999808382488,0.0,0.0049222400108871
2747.5,165,1,66,0,-65,-0.1922988,1.1240138,0.0023179793234973,0.0,99.99999808382488,0.0,0.0049222400108871
2748.0,165,1,66,0,-65,-0.1922988,1.1240138,0.0023179793234973,0.0,99.99999808382488,0.0,0.0049222400108871
2748.5,166,1,66,0,-65,-0.047118723,0.59155726,0.0023179793234973,0.0,99.99999808382488,0.0,0.0049222400108871
2749.0,167,1,65,0,-64,0.49653313,0.8860135,0.0023179793234973,0.0,99.99999808382488,0.0,0.0049222400108871
2749.5,165,1,64,0,-63,-0.70694685,1.2576388,0.0023179793234973,0.0,99.99999808382488,0.0,0.0049222400108871
2750.0,165,1,64,0,-63,-0.70694685,1.2576388,0.0023179793234973,0.0,99.99999808382488,0.0,0.0049222400108871
2750.5,166,1,65,0,-64,-0.12718612,1.3031774,0.0023179793234973,0.0,99.99999808382488,0.0,0.0049222400108871
2751.0,166,1,65,0,-64,-0.12718612,1.3031774,0.0023179793234973,0.0,99.99999808382488,0.0,0.0049222400108871
2751.5,166,1,65,0,-64,-0.12718612,1.3031774,0.0023179793234973,0.0,99.99999808382488,0.0,0.0049222400108871
2752.0,166,1,65,0,-64,-0.12718612,1.3031774,0.0023179793234973,0.0,99.99999808382488,0.0,0.0049222400108871
2752.5,166,1,65,0,-64,-0.12718612,1.3031774,0.0023179793234973,0.0,99.99999808382488,0.0,0.0049222400108871
2753.0,166,1,64,0,-63,0.4673571,0.20888808,0.0023179793234973,0.0,99.99999808382488,0.0,0.0049222400108871
2753.5,166,1,64,0,-63,0.4673571,0.20888808,0.0023179793234973,0.0,99.99999808382488,0.0,0.0049222400108871
2754.0,165,1,65,0,-64,0.5974808,0.120959625,0.0023179793234973,0.0,99.99999808382488,0.0,0.0049222400108871
2754.5,165,1,65,0,-64,0.5974808,0.120959625,0.0023179793234973,0.0,99.99999808382488,0.0,0.0049222400108871
2755.0,166,1,66,0,-65,-0.24860749,1.3086978,0.0023179793234973,0.0,99.99999808382488,0.0,0.0049222400108871
2755.5,166,1,66,0,-65,-0.24860749,1.3086978,0.0023179793234973,0.0,99.99999808382488,0.0,0.0049222400108871
2756.0,166,1,66,0,-65,-0.24860749,1.3086978,0.0023179793234973,0.0,99.99999808382488,0.0,0.0049222400108871
2756.5,166,1,66,0,-65,-0.24860749,1.3086978,0.0023179793234973,0.0,99.99999808382488,0.0,0.0049222400108871
2757.0,166,1,66,0,-65,0.1386807,0.5457281,0.0023179793234973,0.0,99.99999808382488,0.0,0.0049222400108871
2757.5,167,1,67,0,-66,-0.44299832,0.88602865,0.0023179793234973,0.0,99.99999808382488,0.0,0.0049222400108871
2758.0,167,1,67,0,-66,-0.44299832,0.88602865,0.0023179793234973,0.0,99.99999808382488,0.0,0.0049222400108871
2758.5,168,1,68,0,-67,-0.44515505,1.0525677,0.0023179793234973,0.0,99.99999808382488,0.0,0.0049222400108871
2759.0,167,1,68,0,-67,-0.56714356,1.0330817,0.0023179793234973,0.0,99.99999808382488,0.0,0.0049222400108871
2759.5,170,1,70,0,-69,-0.4083936,1.0490948,0.0023179793234973,0.0,99.99999808382488,0.0,0.0049222400108871
2760.0,170,1,70,0,-69,-0.4083936,1.0490948,0.0023179793234973,0.0,99.99999808382488,0.0,0.0049222400108871
2760.5,171,1,71,0,-70,-0.0050699115,1.2008412,0.0023179793234973,0.0,99.99999808382488,0.0,0.0049222400108871
2761.0,170,1,70,0,-69,0.35541067,1.4104828,0.0023179793234973,0.0,99.99999808382488,0.0,0.0049222400108871
2761.5,172,1,70,0,-69,0.789212,0.041550025,0.0023179793234973,0.0,99.99999808382488,0.0,0.0049222400108871
2762.0,171,1,69,0,-68,-0.27165797,1.173429,0.0023179793234973,0.0,99.99999808382488,0.0,0.0049222400108871
2762.5,171,1,69,0,-68,-0.27165797,1.173429,0.0023179793234973,0.0,99.99999808382488,0.0,0.0049222400108871
2763.0,172,1,70,0,-69,-0.16133544,0.54860336,0.0023179793234973,0.0,99.99999808382488,0.0,0.0049222400108871
2763.5,171,1,70,0,-69,0.28691918,-0.0019543022,0.0023179793234973,0.0,99.99999808382488,0.0,0.0049222400108871
2764.0,171,1,70,0,-69,0.07007253,0.13084263,0.0023179793234973,0.0,99.99999808382488,0.0,0.0049222400108871
2764.5,171,1,71,0,-70,-0.28505072,0.47127652,0.0023179793234973,0.0,99.99999808382488,0.0,0.0049222400108871
2765.0,170,1,70,0,-69,-0.16929927,0.005412638,0.0023179793234973,0.0,99.99999808382488,0.0,0.0049222400108871
2765.5,170,1,70,0,-69,-0.16929927,0.005412638,0.0023179793234973,0.0,99.99999808382488,0.0,0.0049222400108871
2766.0,169,1,69,0,-68,0.29069898,-0.6769099,0.0023179793234973,0.0,99.99999808382488,0.0,0.0049222400108871
2766.5,168,1,69,0,-68,-0.41080824,0.11528816,0.0023179793234973,0.0,99.99999808382488,0.0,0.0049222400108871
2767.0,169,1,70,0,-69,-0.3587866,0.3204757,0.0023179793234973,0.0,99.99999808382488,0.0,0.0049222400108871
2767.5,168,1,69,0,-68,-0.11470115,0.44486403,0.0023179793234973,0.0,99.99999808382488,0.0,0.0049222400108871
2768.0,166,1,68,0,-67,-0.18371421,-0.29591674,0.0023179793234973,0.0,99.99999808382488,0.0,0.0049222400108871
2768.5,167,1,68,0,-67,-0.1542548,-0.29046732,0.0023179793234973,0.0,99.99999808382488,0.0,0.0049222400108871
2769.0,165,1,67,0,-66,-0.17404038,-0.12964122,0.0023179793234973,0.0,99.99999808382488,0.0,0.0049222400108871
2769.5,164,1,67,0,-66,-0.23454079,0.6080496,0.0023179793234973,0.0,99.99999808382488,0.0,0.0049222400108871
2770.0,163,1,66,0,-65,-0.18707827,0.26502356,0.0023179793234973,0.0,99.99999808382488,0.0,0.0049222400108871
2770.5,163,1,66,0,-65,-0.18707827,0.26502356,0.0023179793234973,0.0,99.99999808382488,0.0,0.0049222400108871
2771.0,164,1,67,0,-66,0.2486447,-0.2086309,0.0023179793234973,0.0,99.99999808382488,0.0,0.0049222400108871
2771.5,164,1,67,0,-66,0.2486447,-0.2086309,0.0023179793234973,0.0,99.99999808382488,0.0,0.0049222400108871
2772.0,164,1,67,0,-66,0.2486447,-0.2086309,0.0023179793234973,0.0,99.99999808382488,0.0,0.0049222400108871
2772.5,165,1,68,0,-67,0.07316394,-0.3892805,0.0023179793234973,0.0,99.99999808382488,0.0,0.0049222400108871
2773.0,164,1,67,0,-66,-0.0020995885,0.1296123,0.0023179793234973,0.0,99.99999808382488,0.0,0.0049222400108871
2773.5,163,1,67,0,-66,0.1493244,-0.8008248,0.0023179793234973,0.0,99.99999808382488,0.0,0.0049222400108871
2774.0,163,1,67,0,-66,0.1493244,-0.8008248,0.0023179793234973,0.0,99.99999808382488,0.0,0.0049222400108871
2774.5,163,1,67,0,-66,0.1493244,-0.8008248,0.0023179793234973,0.0,99.99999808382488,0.0,0.0049222400108871
2775.0,161,1,65,0,-64,0.21770588,-0.06775923,0.0023179793234973,0.0,99.99999808382488,0.0,0.0049222400108871
2775.5,161,1,65,0,-64,-0.73536813,0.23669156,0.0023179793234973,0.0,99.99999808382488,0.0,0.0049222400108871
2776.0,161,1,65,0,-64,-0.73536813,0.23669156,0.0023179793234973,0.0,99.99999808382488,0.0,0.0049222400108871
2776.5,161,1,65,0,-64,-0.73536813,0.23669156,0.0023179793234973,0.0,99.99999808382488,0.0,0.0049222400108871
2777.0,162,1,66,0,-65,-0.6016543,-0.0948794,0.0023179793234973,0.0,99.99999808382488,0.0,0.0049222400108871
2777.5,163,1,65,0,-64,0.2342935,-0.531249,0.0023179793234973,0.0,99.99999808382488,0.0,0.0049222400108871
2778.0,163,1,65,0,-64,0.2342935,-0.531249,0.0023179793234973,0.0,99.99999808382488,0.0,0.0049222400108871
2778.5,163,1,65,0,-64,0.2342935,-0.531249,0.0023179793234973,0.0,99.99999808382488,0.0,0.0049222400108871
2779.0,163,1,65,0,-64,0.2342935,-0.531249,0.0023179793234973,0.0,99.99999808382488,0.0,0.0049222400108871
2779.5,163,1,65,0,-64,0.2342935,-0.531249,0.0023179793234973,0.0,99.99999808382488,0.0,0.0049222400108871
2780.0,164,1,66,0,-65,-0.094126314,0.32854903,0.0023179793234973,0.0,99.99999808382488,0.0,0.0049222400108871
2780.5,164,1,66,0,-65,-0.094126314,0.32854903,0.0023179793234973,0.0,99.99999808382488,0.0,0.0049222400108871
2781.0,164,1,66,0,-65,-0.094126314,0.32854903,0.0023179793234973,0.0,99.99999808382488,0.0,0.0049222400108871
2781.5,164,1,65,0,-64,-0.7557547,0.092887536,0.0023179793234973,0.0,99.99999808382488,0.0,0.0049222400108871
2782.0,165,1,66,0,-65,0.40023226,0.33476833,0.0023179793234973,0.0,99.99999808382488,0.0,0.0049222400108871
2782.5,164,1,65,0,-64,-0.12479079,0.71245694,0.0023179793234973,0.0,99.99999808382488,0.0,0.0049222400108871
2783.0,163,1,65,0,-64,-0.07332483,-0.31538886,0.0023179793234973,0.0,99.99999808382488,0.0,0.0049222400108871
2783.5,164,1,66,0,-65,0.33114004,-0.4997558,0.0023179793234973,0.0,99.99999808382488,0.0,0.0049222400108871
2784.0,165,1,67,0,-66,-0.15970674,-0.05605112,0.0023179793234973,0.0,99.99999808382488,0.0,0.0049222400108871
2784.5,165,1,67,0,-66,-0.15970674,-0.05605112,0.0023179793234973,0.0,99.99999808382488,0.0,0.0049222400108871
2785.0,165,1,67,0,-66,-0.15970674,-0.05605112,0.0023179793234973,0.0,99.99999808382488,0.0,0.0049222400108871
2785.5,165,1,67,0,-66,-0.15970674,-0.05605112,0.0023179793234973,0.0,99.99999808382488,0.0,0.0049222400108871
2786.0,164,1,66,0,-65,0.63922155,-0.5163374,0.0023179793234973,0.0,99.99999808382488,0.0,0.0049222400108871
2786.5,164,1,66,0,-65,0.63922155,-0.5163374,0.0023179793234973,0.0,99.99999808382488,0.0,0.0049222400108871
2787.0,164,1,66,0,-65,-0.26300153,-0.14331792,0.0023179793234973,0.0,99.99999808382488,0.0,0.0049222400108871
2787.5,164,1,66,0,-65,-0.26300153,-0.14331792,0.0023179793234973,0.0,99.99999808382488,0.0,0.0049222400108871
2788.0,164,1,67,0,-66,-0.08492789,0.17488614,0.0023179793234973,0.0,99.99999808382488,0.0,0.0049222400108871
2788.5,164,1,66,0,-65,-0.3588467,0.42999375,0.0023179793234973,0.0,99.99999808382488,0.0,0.0049222400108871
2789.0,164,1,66,0,-65,-0.3588467,0.42999375,0.0023179793234973,0.0,99.99999808382488,0.0,0.0049222400108871
2789.5,165,1,67,0,-66,0.043246657,-0.53576225,0.0023179793234973,0.0,99.99999808382488,0.0,0.0049222400108871
2790.0,164,1,66,0,-65,-0.23817503,0.5435316,0.0023179793234973,0.0,99.99999808382488,0.0,0.0049222400108871
2790.5,160,1,63,0,-62,0.04404685,-0.48507524,0.0023179793234973,0.0,99.99999808382488,0.0,0.0049222400108871
2791.0,160,1,63,0,-62,0.04404685,-0.48507524,0.0023179793234973,0.0,99.99999808382488,0.0,0.0049222400108871
2791.5,159,1,62,0,-61,0.16379105,0.4265682,0.0023179793234973,0.0,99.99999808382488,0.0,0.0049222400108871
2792.0,159,1,62,0,-61,0.16379105,0.4265682,0.0023179793234973,0.0,99.99999808382488,0.0,0.0049222400108871
2792.5,157,1,60,0,-59,-0.19223607,1.1452665,0.0023179793234973,0.0,99.99999808382488,0.0,0.0049222400108871
2793.0,158,1,61,0,-60,0.22521587,-0.18488191,0.0023179793234973,0.0,99.99999808382488,0.0,0.0049222400108871
2793.5,157,1,60,0,-59,0.59059495,0.03503923,0.0023179793234973,0.0,99.99999808382488,0.0,0.0049222400108871
2794.0,160,1,62,0,-61,0.110699974,-0.0739312,0.0023179793234973,0.0,99.99999808382488,0.0,0.0049222400108871
2794.5,160,1,62,0,-61,0.110699974,-0.0739312,0.0023179793234973,0.0,99.99999808382488,0.0,0.0049222400108871
2795.0,160,1,62,0,-61,0.110699974,-0.0739312,0.0023179793234973,0.0,99.99999808382488,0.0,0.0049222400108871
2795.5,159,1,62,0,-61,0.5892252,0.5024826,0.0023179793234973,0.0,99.99999808382488,0.0,0.0049222400108871
2796.0,159,1,62,0,-61,0.5892252,0.5024826,0.0023179793234973,0.0,99.99999808382488,0.0,0.0049222400108871
2796.5,159,1,62,0,-61,0.5892252,0.5024826,0.0023179793234973,0.0,99.99999808382488,0.0,0.0049222400108871
2797.0,160,1,63,0,-62,0.109640986,-0.13616218,0.0023179793234973,0.0,99.99999808382488,0.0,0.0049222400108871
2797.5,161,1,64,0,-63,-0.7883916,0.38176364,0.0023179793234973,0.0,99.99999808382488,0.0,0.0049222400108871
2798.0,161,1,64,0,-63,-0.7883916,0.38176364,0.0023179793234973,0.0,99.99999808382488,0.0,0.0049222400108871
2798.5,163,1,66,0,-65,0.13854189,-0.096110865,0.0023179793234973,0.0,99.99999808382488,0.0,0.0049222400108871
2799.0,162,1,65,0,-64,-0.0462178,-0.07888465,0.0023179793234973,0.0,99.99999808382488,0.0,0.0049222400108871
2799.5,164,1,67,0,-66,-0.9685776,0.4890409,0.0023179793234973,0.0,99.99999808382488,0.0,0.0049222400108871
2800.0,166,1,68,0,-67,0.14451998,0.52736473,0.0023179793234973,0.0,99.99999808382488,0.0,0.0049222400108871
2800.5,165,1,66,0,-65,-0.19990578,0.8631083,0.0023179793234973,0.0,99.99999808382488,0.0,0.0049222400108871
2801.0,165,1,65,0,-64,-0.11291051,-0.9838819,0.0023179793234973,0.0,99.99999808382488,0.0,0.0049222400108871
2801.5,166,1,66,0,-65,-0.119156,0.24823481,0.0023179793234973,0.0,99.99999808382488,0.0,0.0049222400108871
2802.0,166,1,66,0,-65,0.10388645,0.2760665,0.0023179793234973,0.0,99.99999808382488,0.0,0.0049222400108871
2802.5,166,1,66,0,-65,0.10388645,0.2760665,0.0023179793234973,0.0,99.99999808382488,0.0,0.0049222400108871
2803.0,165,1,66,0,-65,0.03774011,0.032235876,0.0023179793234973,0.0,99.99999808382488,0.0,0.0049222400108871
2803.5,164,1,66,0,-65,0.016751647,0.12142687,0.0023179793234973,0.0,99.99999808382488,0.0,0.0049222400108871
2804.0,162,1,66,0,-65,0.43897867,-1.153433,0.0023179793234973,0.0,99.99999808382488,0.0,0.0049222400108871
2804.5,162,1,66,0,-65,0.43897867,-1.153433,0.0023179793234973,0.0,99.99999808382488,0.0,0.0049222400108871
2805.0,163,1,67,0,-66,0.40391913,-1.3077303,0.0023179793234973,0.0,99.99999808382488,0.0,0.0049222400108871
2805.5,164,1,67,0,-66,0.29970348,-1.2597163,0.0023179793234973,0.0,99.99999808382488,0.0,0.0049222400108871
2806.0,163,1,67,0,-66,-0.029531926,-1.2179295,0.0023179793234973,0.0,99.99999808382488,0.0,0.0049222400108871
2806.5,163,1,67,0,-66,-0.029531926,-1.2179295,0.0023179793234973,0.0,99.99999808382488,0.0,0.0049222400108871
2807.0,164,1,67,0,-66,-0.1547817,-1.0702043,0.0023179793234973,0.0,99.99999808382488,0.0,0.0049222400108871
2807.5,163,1,66,0,-65,0.8959496,-0.80918247,0.0023179793234973,0.0,99.99999808382488,0.0,0.0049222400108871
2808.0,163,1,66,0,-65,0.8959496,-0.80918247,0.0023179793234973,0.0,99.99999808382488,0.0,0.0049222400108871
2808.5,163,1,66,0,-65,0.8959496,-0.80918247,0.0023179793234973,0.0,99.99999808382488,0.0,0.0049222400108871
2809.0,163,1,66,0,-65,0.8959496,-0.80918247,0.0023179793234973,0.0,99.99999808382488,0.0,0.0049222400108871
2809.5,162,1,65,0,-64,0.23413092,-1.2653016,0.0023179793234973,0.0,99.99999808382488,0.0,0.0049222400108871
2810.0,162,1,65,0,-64,0.23413092,-1.2653016,0.0023179793234973,0.0,99.99999808382488,0.0,0.0049222400108871
2810.5,162,1,65,0,-64,0.23413092,-1.2653016,0.0023179793234973,0.0,99.99999808382488,0.0,0.0049222400108871
2811.0,163,1,66,0,-65,-0.16062221,0.02048494,0.0023179793234973,0.0,99.99999808382488,0.0,0.0049222400108871
2811.5,163,1,66,0,-65,-0.16062221,0.02048494,0.0023179793234973,0.0,99.99999808382488,0.0,0.0049222400108871
2812.0,163,1,66,0,-65,-0.16062221,0.02048494,0.0023179793234973,0.0,99.99999808382488,0.0,0.0049222400108871
2812.5,163,1,66,0,-65,-0.16062221,0.02048494,0.0023179793234973,0.0,99.99999808382488,0.0,0.0049222400108871
2813.0,163,1,66,0,-65,0.03394866,0.31018913,0.0023179793234973,0.0,99.99999808382488,0.0,0.0049222400108871
2813.5,163,1,66,0,-65,0.03394866,0.31018913,0.0023179793234973,0.0,99.99999808382488,0.0,0.0049222400108871
2814.0,161,1,65,0,-64,-0.032606304,0.3243835,0.0023179793234973,0.0,99.99999808382488,0.0,0.0049222400108871
2814.5,161,1,65,0,-64,-0.024833322,0.15650705,0.0023179793234973,0.0,99.99999808382488,0.0,0.0049222400108871
2815.0,162,1,65,0,-64,0.0023022592,0.3109946,0.0023179793234973,0.0,99.99999808382488,0.0,0.0049222400108871
2815.5,163,1,65,0,-64,-0.13760227,0.16312297,0.0023179793234973,0.0,99.99999808382488,0.0,0.0049222400108871
2816.0,163,1,65,0,-64,-0.13760227,0.16312297,0.0023179793234973,0.0,99.99999808382488,0.0,0.0049222400108871
2816.5,164,1,66,0,-65,-0.38444784,0.9077553,0.0023179793234973,0.0,99.99999808382488,0.0,0.0049222400108871
2817.0,165,1,67,0,-66,0.29795173,0.03696625,0.0023179793234973,0.0,99.99999808382488,0.0,0.0049222400108871
2817.5,165,1,67,0,-66,0.29795173,0.03696625,0.0023179793234973,0.0,99.99999808382488,0.0,0.0049222400108871
2818.0,166,1,67,0,-66,0.20434366,-0.05444865,0.0023179793234973,0.0,99.99999808382488,0.0,0.0049222400108871
2818.5,169,1,70,0,-69,0.44904077,-0.30189747,0.0023179793234973,0.0,99.99999808382488,0.0,0.0049222400108871
2819.0,168,1,69,0,-68,0.6911775,-0.07746895,0.0023179793234973,0.0,99.99999808382488,0.0,0.0049222400108871
2819.5,165,1,66,0,-65,-0.11021289,0.23011616,0.0023179793234973,0.0,99.99999808382488,0.0,0.0049222400108871
2820.0,166,1,67,0,-66,0.036414623,0.03018345,0.0023179793234973,0.0,99.99999808382488,0.0,0.0049222400108871
2820.5,165,1,65,0,-64,0.16843984,0.23029922,0.0023179793234973,0.0,99.99999808382488,0.0,0.0049222400108871
2821.0,165,1,65,0,-64,0.16843984,0.23029922,0.0023179793234973,0.0,99.99999808382488,0.0,0.0049222400108871
2821.5,162,1,63,0,-62,0.13991633,0.22178243,0.0023179793234973,0.0,99.99999808382488,0.0,0.0049222400108871
2822.0,162,1,63,0,-62,0.19252245,0.3505835,0.0023179793234973,0.0,99.99999808382488,0.0,0.0049222400108871
2822.5,162,1,63,0,-62,0.19252245,0.3505835,0.0023179793234973,0.0,99.99999808382488,0.0,0.0049222400108871
2823.0,161,1,62,0,-61,-0.06610778,0.1435763,0.0023179793234973,0.0,99.99999808382488,0.0,0.0049222400108871
2823.5,159,1,60,0,-59,-0.1748937,0.7155338,0.0023179793234973,0.0,99.99999808382488,0.0,0.0049222400108871
2824.0,159,1,60,0,-59,-0.55439925,0.7656045,0.0023179793234973,0.0,99.99999808382488,0.0,0.0049222400108871
2824.5,160,1,60,0,-59,-0.22278076,1.0075554,0.0023179793234973,0.0,99.99999808382488,0.0,0.0049222400108871
2825.0,162,1,62,0,-61,0.3829077,-0.28941596,0.0023179793234973,0.0,99.99999808382488,0.0,0.0049222400108871
2825.5,162,1,62,0,-61,0.3829077,-0.28941596,0.0023179793234973,0.0,99.99999808382488,0.0,0.0049222400108871
2826.0,162,1,62,0,-61,0.3829077,-0.28941596,0.0023179793234973,0.0,99.99999808382488,0.0,0.0049222400108871
2826.5,161,1,62,0,-61,0.9835831,-0.2520001,0.0023179793234973,0.0,99.99999808382488,0.0,0.0049222400108871
2827.0,160,1,62,0,-61,0.88166344,-0.19844164,0.0023179793234973,0.0,99.99999808382488,0.0,0.0049222400108871
2827.5,161,1,63,0,-62,-0.1328468,-0.2882008,0.0023179793234973,0.0,99.99999808382488,0.0,0.0049222400108871
2828.0,160,1,62,0,-61,-0.19892377,-0.2042223,0.0023179793234973,0.0,99.99999808382488,0.0,0.0049222400108871
2828.5,160,1,62,0,-61,-0.19892377,-0.2042223,0.0023179793234973,0.0,99.99999808382488,0.0,0.0049222400108871
2829.0,162,1,63,0,-62,0.29798886,-0.008500367,0.0023179793234973,0.0,99.99999808382488,0.0,0.0049222400108871
2829.5,162,1,63,0,-62,0.5449703,0.13910423,0.0023179793234973,0.0,99.99999808382488,0.0,0.0049222400108871
2830.0,162,1,63,0,-62,0.5449703,0.13910423,0.0023179793234973,0.0,99.99999808382488,0.0,0.0049222400108871
2830.5,162,1,63,0,-62,1.0204644,0.050644383,0.0023179793234973,0.0,99.99999808382488,0.0,0.0049222400108871
2831.0,163,1,64,0,-63,0.70818794,0.16840124,0.0023179793234973,0.0,99.99999808382488,0.0,0.0049222400108871
2831.5,164,1,65,0,-64,0.33763087,0.120397985,0.0023179793234973,0.0,99.99999808382488,0.0,0.0049222400108871
2832.0,164,1,65,0,-64,0.33763087,0.120397985,0.0023179793234973,0.0,99.99999808382488,0.0,0.0049222400108871
2832.5,165,1,66,0,-65,-0.36674526,1.1162862,0.0023179793234973,0.0,99.99999808382488,0.0,0.0049222400108871
2833.0,164,1,66,0,-65,-0.255824,0.43827587,0.0023179793234973,0.0,99.99999808382488,0.0,0.0049222400108871
2833.5,165,1,66,0,-65,-0.255824,0.43827587,0.0023179793234973,0.0,99.99999808382488,0.0,0.0049222400108871
2834.0,165,1,67,0,-66,0.027604103,-0.5911053,0.0023179793234973,0.0,99.99999808382488,0.0,0.0049222400108871
2834.5,166,1,68,0,-67,0.38832918,0.13680367,0.0023179793234973,0.0,99.99999808382488,0.0,0.0049222400108871
2835.0,166,1,69,0,-68,0.65068483,0.27680326,0.0023179793234973,0.0,99.99999808382488,0.0,0.0049222400108871
2835.5,166,1,69,0,-68,0.65068483,0.27680326,0.0023179793234973,0.0,99.99999808382488,0.0,0.0049222400108871
2836.0,166,1,69,0,-68,0.65068483,0.27680326,0.0023179793234973,0.0,99.99999808382488,0.0,0.0049222400108871
2836.5,166,1,69,0,-68,0.65068483,0.27680326,0.0023179793234973,0.0,99.99999808382488,0.0,0.0049222400108871
2837.0,166,1,69,0,-68,0.65068483,0.27680326,0.0023179793234973,0.0,99.99999808382488,0.0,0.0049222400108871
2837.5,165,1,69,0,-68,-0.18025133,1.3627964,0.0023179793234973,0.0,99.99999808382488,0.0,0.0049222400108871
2838.0,167,1,68,0,-67,0.5782256,-0.17444603,0.0023179793234973,0.0,99.99999808382488,0.0,0.0049222400108871
2838.5,167,1,68,0,-67,0.5782256,-0.17444603,0.0023179793234973,0.0,99.99999808382488,0.0,0.0049222400108871
2839.0,168,1,68,0,-67,0.50893676,-0.27827054,0.0023179793234973,0.0,99.99999808382488,0.0,0.0049222400108871
2839.5,169,1,69,0,-68,-0.25217262,0.24049953,0.0023179793234973,0.0,99.99999808382488,0.0,0.0049222400108871
2840.0,170,1,70,0,-69,-0.21234038,0.52055234,0.0023179793234973,0.0,99.99999808382488,0.0,0.0049222400108871
2840.5,169,1,70,0,-69,-0.21234038,0.52055234,0.0023179793234973,0.0,99.99999808382488,0.0,0.0049222400108871
2841.0,170,1,70,0,-69,0.5912061,0.23866162,0.0023179793234973,0.0,99.99999808382488,0.0,0.0049222400108871
2841.5,170,1,70,0,-69,0.5912061,0.23866162,0.0023179793234973,0.0,99.99999808382488,0.0,0.0049222400108871
2842.0,168,1,68,0,-67,-0.05072096,1.3350424,0.0023179793234973,0.0,99.99999808382488,0.0,0.0049222400108871
2842.5,168,1,68,0,-67,-0.05072096,1.3350424,0.0023179793234973,0.0,99.99999808382488,0.0,0.0049222400108871
2843.0,167,1,67,0,-66,-0.39104787,1.2055719,0.0023179793234973,0.0,99.99999808382488,0.0,0.0049222400108871
2843.5,166,1,66,0,-65,-0.2355955,1.4096643,0.0023179793234973,0.0,99.99999808382488,0.0,0.0049222400108871
2844.0,163,1,64,0,-63,-0.2329,0.9250608,0.0023179793234973,0.0,99.99999808382488,0.0,0.0049222400108871
2844.5,163,1,64,0,-63,-0.2329,0.9250608,0.0023179793234973,0.0,99.99999808382488,0.0,0.0049222400108871
2845.0,161,1,63,0,-62,-0.45868358,0.24526417,0.0023179793234973,0.0,99.99999808382488,0.0,0.0049222400108871
2845.5,161,1,63,0,-62,-0.45868358,0.24526417,0.0023179793234973,0.0,99.99999808382488,0.0,0.0049222400108871
2846.0,161,1,63,0,-62,-0.45868358,0.24526417,0.0023179793234973,0.0,99.99999808382488,0.0,0.0049222400108871
2846.5,160,1,63,0,-62,-0.046127647,0.079551265,0.0023179793234973,0.0,99.99999808382488,0.0,0.0049222400108871
2847.0,160,1,63,0,-62,-0.046127647,0.079551265,0.0023179793234973,0.0,99.99999808382488,0.0,0.0049222400108871
2847.5,159,1,62,0,-61,-0.4829103,0.6542342,0.0023179793234973,0.0,99.99999808382488,0.0,0.0049222400108871
2848.0,161,1,63,0,-62,0.04654032,0.763052,0.0023179793234973,0.0,99.99999808382488,0.0,0.0049222400108871
2848.5,160,1,62,0,-61,-0.5020771,0.6473204,0.0023179793234973,0.0,99.99999808382488,0.0,0.0049222400108871
2849.0,159,1,61,0,-60,0.119352676,0.2813576,0.0023179793234973,0.0,99.99999808382488,0.0,0.0049222400108871
2849.5,160,1,62,0,-61,-0.014967322,0.37564868,0.0023179793234973,0.0,99.99999808382488,0.0,0.0049222400108871
2850.0,162,1,62,0,-61,-0.007328674,-0.09090738,0.0023179793234973,0.0,99.99999808382488,0.0,0.0049222400108871
2850.5,162,1,62,0,-61,-0.007328674,-0.09090738,0.0023179793234973,0.0,99.99999808382488,0.0,0.0049222400108871
2851.0,163,1,63,0,-62,0.22182916,-0.089908525,0.0023179793234973,0.0,99.99999808382488,0.0,0.0049222400108871
2851.5,160,1,60,0,-59,-0.6316261,-0.08196573,0.0023179793234973,0.0,99.99999808382488,0.0,0.0049222400108871
2852.0,160,1,60,0,-59,-0.6316261,-0.08196573,0.0023179793234973,0.0,99.99999808382488,0.0,0.0049222400108871
2852.5,160,1,60,0,-59,-0.6316261,-0.08196573,0.0023179793234973,0.0,99.99999808382488,0.0,0.0049222400108871
2853.0,161,1,61,0,-60,-1.0344415,-0.39005536,0.0023179793234973,0.0,99.99999808382488,0.0,0.0049222400108871
2853.5,161,1,61,0,-60,-1.0344415,-0.39005536,0.0023179793234973,0.0,99.99999808382488,0.0,0.0049222400108871
2854.0,161,1,61,0,-60,-1.0344415,-0.39005536,0.0023179793234973,0.0,99.99999808382488,0.0,0.0049222400108871
2854.5,160,1,60,0,-59,-0.6316261,-0.08196573,0.0023179793234973,0.0,99.99999808382488,0.0,0.0049222400108871
2855.0,161,1,61,0,-60,-1.1241937,-0.24512087,0.0023179793234973,0.0,99.99999808382488,0.0,0.0049222400108871
2855.5,163,1,63,0,-62,-0.9076507,0.20122516,0.0023179793234973,0.0,99.99999808382488,0.0,0.0049222400108871
2856.0,164,1,63,0,-62,-0.7797146,-0.23673551,0.0023179793234973,0.0,99.99999808382488,0.0,0.0049222400108871
2856.5,165,1,63,0,-62,-0.756284,-0.015139177,0.0023179793234973,0.0,99.99999808382488,0.0,0.0049222400108871
2857.0,165,1,63,0,-62,-0.756284,-0.015139177,0.0023179793234973,0.0,99.99999808382488,0.0,0.0049222400108871
2857.5,165,1,63,0,-62,-0.756284,-0.015139177,0.0023179793234973,0.0,99.99999808382488,0.0,0.0049222400108871
2858.0,165,1,63,0,-62,-0.73735654,-0.04788457,0.0023179793234973,0.0,99.99999808382488,0.0,0.0049222400108871
2858.5,165,1,63,0,-62,-0.73735654,-0.04788457,0.0023179793234973,0.0,99.99999808382488,0.0,0.0049222400108871
2859.0,166,1,65,0,-64,-0.7521913,1.2051836,0.0023179793234973,0.0,99.99999808382488,0.0,0.0049222400108871
2859.5,166,1,64,0,-63,-0.0039021075,0.8727014,0.0023179793234973,0.0,99.99999808382488,0.0,0.0049222400108871
2860.0,167,1,65,0,-64,0.07583471,0.32444072,0.0023179793234973,0.0,99.99999808382488,0.0,0.0049222400108871
2860.5,168,1,66,0,-65,0.079429984,0.17789888,0.0023179793234973,0.0,99.99999808382488,0.0,0.0049222400108871
2861.0,167,1,66,0,-65,0.20019217,-0.18507163,0.0023179793234973,0.0,99.99999808382488,0.0,0.0049222400108871
2861.5,166,1,67,0,-66,-0.07060617,0.2298862,0.0023179793234973,0.0,99.99999808382488,0.0,0.0049222400108871
2862.0,164,1,65,0,-64,0.028901711,-0.005159259,0.0023179793234973,0.0,99.99999808382488,0.0,0.0049222400108871
2862.5,164,1,65,0,-64,0.028901711,-0.005159259,0.0023179793234973,0.0,99.99999808382488,0.0,0.0049222400108871
2863.0,162,1,64,0,-63,0.48523477,0.42117316,0.0023179793234973,0.0,99.99999808382488,0.0,0.0049222400108871
2863.5,161,1,64,0,-63,0.39776483,0.23742972,0.0023179793234973,0.0,99.99999808382488,0.0,0.0049222400108871
2864.0,156,1,60,0,-59,0.38635474,0.40822396,0.0023179793234973,0.0,99.99999808382488,0.0,0.0049222400108871
2864.5,156,1,60,0,-59,0.38635474,0.40822396,0.0023179793234973,0.0,99.99999808382488,0.0,0.0049222400108871
2865.0,157,1,61,0,-60,0.46953762,0.51686746,0.0023179793234973,0.0,99.99999808382488,0.0,0.0049222400108871
2865.5,156,1,60,0,-59,-0.8493482,-0.14235361,0.0023179793234973,0.0,99.99999808382488,0.0,0.0049222400108871
2866.0,156,1,60,0,-59,-0.8493482,-0.14235361,0.0023179793234973,0.0,99.99999808382488,0.0,0.0049222400108871
2866.5,159,1,61,0,-60,0.9226376,0.41147238,0.0023179793234973,0.0,99.99999808382488,0.0,0.0049222400108871
2867.0,160,1,62,0,-61,0.21051365,0.08095859,0.0023179793234973,0.0,99.99999808382488,0.0,0.0049222400108871
2867.5,159,1,62,0,-61,0.15977326,0.13660188,0.0023179793234973,0.0,99.99999808382488,0.0,0.0049222400108871
2868.0,160,1,63,0,-62,-0.57216704,0.3187114,0.0023179793234973,0.0,99.99999808382488,0.0,0.0049222400108871
2868.5,160,1,63,0,-62,0.117917255,1.0360483,0.0023179793234973,0.0,99.99999808382488,0.0,0.0049222400108871
2869.0,161,1,64,0,-63,-0.34176484,0.8296561,0.0023179793234973,0.0,99.99999808382488,0.0,0.0049222400108871
2869.5,162,1,64,0,-63,0.2781941,0.04792805,0.0023179793234973,0.0,99.99999808382488,0.0,0.0049222400108871
2870.0,162,1,65,0,-64,-0.4100993,1.050793,0.0023179793234973,0.0,99.99999808382488,0.0,0.0049222400108871
2870.5,161,1,64,0,-63,0.38606966,0.74852353,0.0023179793234973,0.0,99.99999808382488,0.0,0.0049222400108871
2871.0,163,1,66,0,-65,-0.045049876,0.058545277,0.0023179793234973,0.0,99.99999808382488,0.0,0.0049222400108871
2871.5,162,1,65,0,-64,0.019607708,0.32331246,0.0023179793234973,0.0,99.99999808382488,0.0,0.0049222400108871
2872.0,162,1,65,0,-64,0.019607708,0.32331246,0.0023179793234973,0.0,99.99999808382488,0.0,0.0049222400108871
2872.5,161,1,64,0,-63,0.6671678,0.40336907,0.0023179793234973,0.0,99.99999808382488,0.0,0.0049222400108871
2873.0,162,1,65,0,-64,0.8145313,0.3808394,0.0023179793234973,0.0,99.99999808382488,0.0,0.0049222400108871
2873.5,161,1,64,0,-63,-0.30248132,-0.50026673,0.0023179793234973,0.0,99.99999808382488,0.0,0.0049222400108871
2874.0,162,1,65,0,-64,-0.63134646,-0.92089576,0.0023179793234973,0.0,99.99999808382488,0.0,0.0049222400108871
2874.5,162,1,65,0,-64,-0.8047359,-0.6692144,0.0023179793234973,0.0,99.99999808382488,0.0,0.0049222400108871
2875.0,162,1,65,0,-64,-0.8047359,-0.6692144,0.0023179793234973,0.0,99.99999808382488,0.0,0.0049222400108871
2875.5,161,1,65,0,-64,0.5646181,-0.11438225,0.0023179793234973,0.0,99.99999808382488,0.0,0.0049222400108871
2876.0,163,1,67,0,-66,-0.14120933,-0.820818,0.0023179793234973,0.0,99.99999808382488,0.0,0.0049222400108871
2876.5,163,1,67,0,-66,-0.14120933,-0.820818,0.0023179793234973,0.0,99.99999808382488,0.0,0.0049222400108871
2877.0,161,1,65,0,-64,-0.6542398,-0.38293117,0.0023179793234973,0.0,99.99999808382488,0.0,0.0049222400108871
2877.5,161,1,65,0,-64,-0.6542398,-0.38293117,0.0023179793234973,0.0,99.99999808382488,0.0,0.0049222400108871
2878.0,162,1,66,0,-65,1.4812994,-0.17043321,0.0023179793234973,0.0,99.99999808382488,0.0,0.0049222400108871
2878.5,165,1,69,0,-68,0.5774423,0.41098803,0.0023179793234973,0.0,99.99999808382488,0.0,0.0049222400108871
2879.0,165,1,69,0,-68,0.5774423,0.41098803,0.0023179793234973,0.0,99.99999808382488,0.0,0.0049222400108871
2879.5,164,1,67,0,-66,0.19135222,0.14043918,0.0023179793234973,0.0,99.99999808382488,0.0,0.0049222400108871
2880.0,162,1,66,0,-65,-0.16431513,-0.71963644,0.0023179793234973,0.0,99.99999808382488,0.0,0.0049222400108871
2880.5,161,1,65,0,-64,-0.34695128,0.40288943,0.0023179793234973,0.0,99.99999808382488,0.0,0.0049222400108871
2881.0,161,1,63,0,-62,0.20149846,-0.8251223,0.0023179793234973,0.0,99.99999808382488,0.0,0.0049222400108871
2881.5,161,1,63,0,-62,0.20149846,-0.8251223,0.0023179793234973,0.0,99.99999808382488,0.0,0.0049222400108871
2882.0,161,1,62,0,-61,-0.0442909,-0.18785836,0.0023179793234973,0.0,99.99999808382488,0.0,0.0049222400108871
2882.5,160,1,61,0,-60,0.24049692,-0.4169569,0.0023179793234973,0.0,99.99999808382488,0.0,0.0049222400108871
2883.0,160,1,61,0,-60,0.24049692,-0.4169569,0.0023179793234973,0.0,99.99999808382488,0.0,0.0049222400108871
2883.5,160,1,61,0,-60,0.03805822,0.0043047816,0.0023179793234973,0.0,99.99999808382488,0.0,0.0049222400108871
2884.0,160,1,61,0,-60,0.03805822,0.0043047816,0.0023179793234973,0.0,99.99999808382488,0.0,0.0049222400108871
2884.5,160,1,63,0,-62,-0.27671513,0.14411366,0.0023179793234973,0.0,99.99999808382488,0.0,0.0049222400108871
2885.0,159,1,63,0,-62,-0.8766227,-0.06302653,0.0023179793234973,0.0,99.99999808382488,0.0,0.0049222400108871
2885.5,160,1,64,0,-63,-0.7787386,0.13406977,0.0023179793234973,0.0,99.99999808382488,0.0,0.0049222400108871
2886.0,160,1,64,0,-63,-0.7787386,0.13406977,0.0023179793234973,0.0,99.99999808382488,0.0,0.0049222400108871
2886.5,161,1,65,0,-64,-0.40062693,1.2005229,0.0023179793234973,0.0,99.99999808382488,0.0,0.0049222400108871
2887.0,160,1,64,0,-63,-0.8129544,0.8588561,0.0023179793234973,0.0,99.99999808382488,0.0,0.0049222400108871
2887.5,160,1,64,0,-63,-0.8129544,0.8588561,0.0023179793234973,0.0,99.99999808382488,0.0,0.0049222400108871
2888.0,158,1,62,0,-61,-0.28669998,-0.21682154,0.0023179793234973,0.0,99.99999808382488,0.0,0.0049222400108871
2888.5,161,1,63,0,-62,-0.1601227,-0.4444191,0.0023179793234973,0.0,99.99999808382488,0.0,0.0049222400108871
2889.0,161,1,63,0,-62,-0.1601227,-0.4444191,0.0023179793234973,0.0,99.99999808382488,0.0,0.0049222400108871
2889.5,161,1,63,0,-62,-0.1601227,-0.4444191,0.0023179793234973,0.0,99.99999808382488,0.0,0.0049222400108871
2890.0,160,1,63,0,-62,0.5898882,-0.72713554,0.0023179793234973,0.0,99.99999808382488,0.0,0.0049222400108871
2890.5,161,1,64,0,-63,-0.02192831,-0.9490835,0.0023179793234973,0.0,99.99999808382488,0.0,0.0049222400108871
2891.0,162,1,65,0,-64,-0.017940223,-0.9200291,0.0023179793234973,0.0,99.99999808382488,0.0,0.0049222400108871
2891.5,162,1,65,0,-64,-0.017940223,-0.9200291,0.0023179793234973,0.0,99.99999808382488,0.0,0.0049222400108871
2892.0,163,1,65,0,-64,0.06619254,-0.84192973,0.0023179793234973,0.0,99.99999808382488,0.0,0.0049222400108871
2892.5,163,1,65,0,-64,0.06619254,-0.84192973,0.0023179793234973,0.0,99.99999808382488,0.0,0.0049222400108871
2893.0,163,1,65,0,-64,0.06619254,-0.84192973,0.0023179793234973,0.0,99.99999808382488,0.0,0.0049222400108871
2893.5,162,1,64,0,-63,-0.14599076,-0.34760946,0.0023179793234973,0.0,99.99999808382488,0.0,0.0049222400108871
2894.0,163,1,65,0,-64,0.20415494,-0.811124,0.0023179793234973,0.0,99.99999808382488,0.0,0.0049222400108871
2894.5,162,1,64,0,-63,-0.14599076,-0.34760946,0.0023179793234973,0.0,99.99999808382488,0.0,0.0049222400108871
2895.0,163,1,65,0,-64,-0.12725815,-0.1281028,0.0023179793234973,0.0,99.99999808382488,0.0,0.0049222400108871
2895.5,163,1,65,0,-64,-0.6968775,0.4941252,0.0023179793234973,0.0,99.99999808382488,0.0,0.0049222400108871
2896.0,163,1,65,0,-64,-0.6968775,0.4941252,0.0023179793234973,0.0,99.99999808382488,0.0,0.0049222400108871
2896.5,162,1,64,0,-63,-0.1705651,-0.9532253,0.0023179793234973,0.0,99.99999808382488,0.0,0.0049222400108871
2897.0,162,1,64,0,-63,-0.1705651,-0.9532253,0.0023179793234973,0.0,99.99999808382488,0.0,0.0049222400108871
2897.5,162,1,64,0,-63,-0.1705651,-0.9532253,0.0023179793234973,0.0,99.99999808382488,0.0,0.0049222400108871
2898.0,161,1,63,0,-62,-0.21600714,-0.9231761,0.0023179793234973,0.0,99.99999808382488,0.0,0.0049222400108871
2898.5,162,1,64,0,-63,-0.6997396,-0.88994974,0.0023179793234973,0.0,99.99999808382488,0.0,0.0049222400108871
2899.0,163,1,63,0,-62,-0.307157,-0.79147094,0.0023179793234973,0.0,99.99999808382488,0.0,0.0049222400108871
2899.5,164,1,64,0,-63,-0.41230324,0.34413671,0.0023179793234973,0.0,99.99999808382488,0.0,0.0049222400108871
2900.0,166,1,66,0,-65,0.5767368,0.20102672,0.0023179793234973,0.0,99.99999808382488,0.0,0.0049222400108871
2900.5,167,1,67,0,-66,0.37644577,0.35711288,0.0023179793234973,0.0,99.99999808382488,0.0,0.0049222400108871
2901.0,166,1,67,0,-66,0.3902792,0.6876749,0.0023179793234973,0.0,99.99999808382488,0.0,0.0049222400108871
2901.5,167,1,68,0,-67,-0.2532163,-0.15262933,0.0023179793234973,0.0,99.99999808382488,0.0,0.0049222400108871
2902.0,166,1,68,0,-67,0.682725,0.22935723,0.0023179793234973,0.0,99.99999808382488,0.0,0.0049222400108871
2902.5,167,1,69,0,-68,-0.2046389,-0.5962168,0.0023179793234973,0.0,99.99999808382488,0.0,0.0049222400108871
2903.0,168,1,69,0,-68,-0.54333854,-0.14954479,0.0023179793234973,0.0,99.99999808382488,0.0,0.0049222400108871
2903.5,167,1,68,0,-67,-0.03305605,-0.5646358,0.0023179793234973,0.0,99.99999808382488,0.0,0.0049222400108871
2904.0,168,1,69,0,-68,0.1173245,-0.13126986,0.0023179793234973,0.0,99.99999808382488,0.0,0.0049222400108871
2904.5,167,1,68,0,-67,-0.79327,-0.87435824,0.0023179793234973,0.0,99.99999808382488,0.0,0.0049222400108871
2905.0,167,1,68,0,-67,-0.79327,-0.87435824,0.0023179793234973,0.0,99.99999808382488,0.0,0.0049222400108871
2905.5,168,1,69,0,-68,-0.93286633,-0.52470505,0.0023179793234973,0.0,99.99999808382488,0.0,0.0049222400108871
2906.0,167,1,68,0,-67,-0.79327,-0.87435824,0.0023179793234973,0.0,99.99999808382488,0.0,0.0049222400108871
2906.5,165,1,66,0,-65,0.6443225,-0.4280002,0.0023179793234973,0.0,99.99999808382488,0.0,0.0049222400108871
2907.0,167,1,66,0,-65,-0.04721111,-0.3769825,0.0023179793234973,0.0,99.99999808382488,0.0,0.0049222400108871
2907.5,167,1,66,0,-65,-0.04721111,-0.3769825,0.0023179793234973,0.0,99.99999808382488,0.0,0.0049222400108871
2908.0,166,1,65,0,-64,0.07413404,-0.76026064,0.0023179793234973,0.0,99.99999808382488,0.0,0.0049222400108871
2908.5,166,1,65,0,-64,0.07413404,-0.76026064,0.0023179793234973,0.0,99.99999808382488,0.0,0.0049222400108871
2909.0,166,1,65,0,-64,0.07413404,-0.76026064,0.0023179793234973,0.0,99.99999808382488,0.0,0.0049222400108871
2909.5,166,1,65,0,-64,-0.11645126,-0.2498983,0.0023179793234973,0.0,99.99999808382488,0.0,0.0049222400108871
2910.0,166,1,64,0,-63,-0.38754657,-0.47144538,0.0023179793234973,0.0,99.99999808382488,0.0,0.0049222400108871
2910.5,166,1,65,0,-64,0.0008354485,-0.8772337,0.0023179793234973,0.0,99.99999808382488,0.0,0.0049222400108871
2911.0,166,1,65,0,-64,-0.58127654,-0.63254833,0.0023179793234973,0.0,99.99999808382488,0.0,0.0049222400108871
2911.5,166,1,65,0,-64,-0.58127654,-0.63254833,0.0023179793234973,0.0,99.99999808382488,0.0,0.0049222400108871
2912.0,167,1,66,0,-65,-0.751225,-0.43201458,0.0023179793234973,0.0,99.99999808382488,0.0,0.0049222400108871
2912.5,169,1,66,0,-65,-0.39891747,-0.9022358,0.0023179793234973,0.0,99.99999808382488,0.0,0.0049222400108871
2913.0,167,1,65,0,-64,-0.1925691,0.7336443,0.0023179793234973,0.0,99.99999808382488,0.0,0.0049222400108871
2913.5,167,1,65,0,-64,-0.1925691,0.7336443,0.0023179793234973,0.0,99.99999808382488,0.0,0.0049222400108871
2914.0,166,1,64,0,-63,0.10658808,-0.31979817,0.0023179793234973,0.0,99.99999808382488,0.0,0.0049222400108871
2914.5,165,1,64,0,-63,-0.42617455,0.6918438,0.0023179793234973,0.0,99.99999808382488,0.0,0.0049222400108871
2915.0,163,1,63,0,-62,0.49299854,-0.7078802,0.0023179793234973,0.0,99.99999808382488,0.0,0.0049222400108871
2915.5,163,1,63,0,-62,-0.39534864,0.42188418,0.0023179793234973,0.0,99.99999808382488,0.0,0.0049222400108871
2916.0,163,1,63,0,-62,-0.39534864,0.42188418,0.0023179793234973,0.0,99.99999808382488,0.0,0.0049222400108871
2916.5,162,1,64,0,-63,0.7435485,-0.48166704,0.0023179793234973,0.0,99.99999808382488,0.0,0.0049222400108871
2917.0,162,1,64,0,-63,0.7435485,-0.48166704,0.0023179793234973,0.0,99.99999808382488,0.0,0.0049222400108871
2917.5,162,1,64,0,-63,0.7435485,-0.48166704,0.0023179793234973,0.0,99.99999808382488,0.0,0.0049222400108871
2918.0,161,1,63,0,-62,-0.15620473,0.8101202,0.0023179793234973,0.0,99.99999808382488,0.0,0.0049222400108871
2918.5,160,1,62,0,-61,0.010269433,-0.38570088,0.0023179793234973,0.0,99.99999808382488,0.0,0.0049222400108871
2919.0,160,1,62,0,-61,0.010269433,-0.38570088,0.0023179793234973,0.0,99.99999808382488,0.0,0.0049222400108871
2919.5,163,1,64,0,-63,0.12280038,0.15301909,0.0023179793234973,0.0,99.99999808382488,0.0,0.0049222400108871
2920.0,163,1,64,0,-63,0.12280038,0.15301909,0.0023179793234973,0.0,99.99999808382488,0.0,0.0049222400108871
2920.5,163,1,64,0,-63,0.12280038,0.15301909,0.0023179793234973,0.0,99.99999808382488,0.0,0.0049222400108871
2921.0,163,1,64,0,-63,0.12280038,0.15301909,0.0023179793234973,0.0,99.99999808382488,0.0,0.0049222400108871
2921.5,163,1,64,0,-63,0.12280038,0.15301909,0.0023179793234973,0.0,99.99999808382488,0.0,0.0049222400108871
2922.0,164,1,65,0,-64,-0.41887107,-0.15817867,0.0023179793234973,0.0,99.99999808382488,0.0,0.0049222400108871
2922.5,164,1,65,0,-64,-0.41887107,-0.15817867,0.0023179793234973,0.0,99.99999808382488,0.0,0.0049222400108871
2923.0,164,1,65,0,-64,-0.41887107,-0.15817867,0.0023179793234973,0.0,99.99999808382488,0.0,0.0049222400108871
2923.5,164,1,65,0,-64,-0.005255714,0.1298828,0.0023179793234973,0.0,99.99999808382488,0.0,0.0049222400108871
2924.0,162,1,64,0,-63,0.043990046,-0.5207356,0.0023179793234973,0.0,99.99999808382488,0.0,0.0049222400108871
2924.5,163,1,65,0,-64,-0.19868624,0.055608317,0.0023179793234973,0.0,99.99999808382488,0.0,0.0049222400108871
2925.0,162,1,64,0,-63,-0.25690505,-0.15804897,0.0023179793234973,0.0,99.99999808382488,0.0,0.0049222400108871
2925.5,163,1,64,0,-63,-0.38742384,-0.2115952,0.0023179793234973,0.0,99.99999808382488,0.0,0.0049222400108871
2926.0,163,1,64,0,-63,-0.38742384,-0.2115952,0.0023179793234973,0.0,99.99999808382488,0.0,0.0049222400108871
2926.5,163,1,63,0,-62,-0.39211288,0.9576451,0.0023179793234973,0.0,99.99999808382488,0.0,0.0049222400108871
2927.0,165,1,63,0,-62,-0.2937446,0.97468555,0.0023179793234973,0.0,99.99999808382488,0.0,0.0049222400108871
2927.5,166,1,64,0,-63,-0.5090674,0.15756303,0.0023179793234973,0.0,99.99999808382488,0.0,0.0049222400108871
2928.0,167,1,65,0,-64,1.6516856,0.7462495,0.0023179793234973,0.0,99.99999808382488,0.0,0.0049222400108871
2928.5,168,1,66,0,-65,-0.24546143,-0.00902383,0.0023179793234973,0.0,99.99999808382488,0.0,0.0049222400108871
2929.0,167,1,65,0,-64,0.47567278,-1.2833537,0.0023179793234973,0.0,99.99999808382488,0.0,0.0049222400108871
2929.5,167,1,65,0,-64,-0.41828093,-0.9282022,0.0023179793234973,0.0,99.99999808382488,0.0,0.0049222400108871
2930.0,167,1,65,0,-64,0.5418378,-0.22484468,0.0023179793234973,0.0,99.99999808382488,0.0,0.0049222400108871
2930.5,167,1,65,0,-64,0.5418378,-0.22484468,0.0023179793234973,0.0,99.99999808382488,0.0,0.0049222400108871
2931.0,167,1,65,0,-64,0.5418378,-0.22484468,0.0023179793234973,0.0,99.99999808382488,0.0,0.0049222400108871
2931.5,165,1,64,0,-63,-0.74456775,0.68431056,0.0023179793234973,0.0,99.99999808382488,0.0,0.0049222400108871
2932.0,166,1,66,0,-65,0.27426997,-0.021944895,0.0023179793234973,0.0,99.99999808382488,0.0,0.0049222400108871
2932.5,165,1,65,0,-64,0.20492955,0.48935592,0.0023179793234973,0.0,99.99999808382488,0.0,0.0049222400108871
2933.0,164,1,65,0,-64,-0.10671741,-0.454287,0.0023179793234973,0.0,99.99999808382488,0.0,0.0049222400108871
2933.5,164,1,66,0,-65,-0.4077281,0.16155683,0.0023179793234973,0.0,99.99999808382488,0.0,0.0049222400108871
2934.0,163,1,65,0,-64,-0.06837866,-0.68225366,0.0023179793234973,0.0,99.99999808382488,0.0,0.0049222400108871
2934.5,164,1,66,0,-65,-0.95608366,-0.556438,0.0023179793234973,0.0,99.99999808382488,0.0,0.0049222400108871
2935.0,164,1,65,0,-64,-0.62200725,0.25772044,0.0023179793234973,0.0,99.99999808382488,0.0,0.0049222400108871
2935.5,164,1,65,0,-64,-0.62200725,0.25772044,0.0023179793234973,0.0,99.99999808382488,0.0,0.0049222400108871
2936.0,165,1,66,0,-65,0.4928865,-1.037446,0.0023179793234973,0.0,99.99999808382488,0.0,0.0049222400108871
2936.5,165,1,66,0,-65,0.4928865,-1.037446,0.0023179793234973,0.0,99.99999808382488,0.0,0.0049222400108871
2937.0,164,1,66,0,-65,-0.74137855,0.2519802,0.0023179793234973,0.0,99.99999808382488,0.0,0.0049222400108871
2937.5,164,1,66,0,-65,-0.74137855,0.2519802,0.0023179793234973,0.0,99.99999808382488,0.0,0.0049222400108871
2938.0,162,1,66,0,-65,-0.33458248,0.0068185925,0.0023179793234973,0.0,99.99999808382488,0.0,0.0049222400108871
2938.5,162,1,66,0,-65,-0.33458248,0.0068185925,0.0023179793234973,0.0,99.99999808382488,0.0,0.0049222400108871
2939.0,163,1,67,0,-66,-0.104397684,0.74742234,0.0023179793234973,0.0,99.99999808382488,0.0,0.0049222400108871
2939.5,163,1,67,0,-66,-0.104397684,0.74742234,0.0023179793234973,0.0,99.99999808382488,0.0,0.0049222400108871
2940.0,162,1,66,0,-65,0.80113864,-0.7968728,0.0023179793234973,0.0,99.99999808382488,0.0,0.0049222400108871
2940.5,162,1,66,0,-65,0.80113864,-0.7968728,0.0023179793234973,0.0,99.99999808382488,0.0,0.0049222400108871
2941.0,163,1,66,0,-65,-0.68494296,0.27227348,0.0023179793234973,0.0,99.99999808382488,0.0,0.0049222400108871
2941.5,163,1,66,0,-65,-0.68494296,0.27227348,0.0023179793234973,0.0,99.99999808382488,0.0,0.0049222400108871
2942.0,161,1,65,0,-64,-0.7170329,0.23488912,0.0023179793234973,0.0,99.99999808382488,0.0,0.0049222400108871
2942.5,159,1,63,0,-62,-0.6853887,0.8234886,0.0023179793234973,0.0,99.99999808382488,0.0,0.0049222400108871
2943.0,158,1,62,0,-61,0.5632002,0.35341012,0.0023179793234973,0.0,99.99999808382488,0.0,0.0049222400108871
2943.5,158,1,62,0,-61,0.5632002,0.35341012,0.0023179793234973,0.0,99.99999808382488,0.0,0.0049222400108871
2944.0,158,1,62,0,-61,0.5632002,0.35341012,0.0023179793234973,0.0,99.99999808382488,0.0,0.0049222400108871
2944.5,158,1,62,0,-61,0.5632002,0.35341012,0.0023179793234973,0.0,99.99999808382488,0.0,0.0049222400108871
2945.0,158,1,62,0,-61,0.5632002,0.35341012,0.0023179793234973,0.0,99.99999808382488,0.0,0.0049222400108871
2945.5,158,1,63,0,-62,-0.91590047,0.6252263,0.0023179793234973,0.0,99.99999808382488,0.0,0.0049222400108871
2946.0,160,1,64,0,-63,0.46293053,0.7158186,0.0023179793234973,0.0,99.99999808382488,0.0,0.0049222400108871
2946.5,160,1,64,0,-63,0.46293053,0.7158186,0.0023179793234973,0.0,99.99999808382488,0.0,0.0049222400108871
2947.0,160,1,64,0,-63,0.46293053,0.7158186,0.0023179793234973,0.0,99.99999808382488,0.0,0.0049222400108871
2947.5,161,1,65,0,-64,0.7108583,0.2855165,0.0023179793234973,0.0,99.99999808382488,0.0,0.0049222400108871
2948.0,161,1,65,0,-64,0.7108583,0.2855165,0.0023179793234973,0.0,99.99999808382488,0.0,0.0049222400108871
2948.5,162,1,65,0,-64,-0.4991736,-0.043688133,0.0023179793234973,0.0,99.99999808382488,0.0,0.0049222400108871
2949.0,162,1,65,0,-64,-0.4991736,-0.043688133,0.0023179793234973,0.0,99.99999808382488,0.0,0.0049222400108871
2949.5,158,1,62,0,-61,0.55566466,0.5074491,0.0023179793234973,0.0,99.99999808382488,0.0,0.0049222400108871
2950.0,157,1,61,0,-60,1.335238,0.79657066,0.0023179793234973,0.0,99.99999808382488,0.0,0.0049222400108871
2950.5,157,1,61,0,-60,1.335238,0.79657066,0.0023179793234973,0.0,99.99999808382488,0.0,0.0049222400108871
2951.0,157,1,61,0,-60,1.335238,0.79657066,0.0023179793234973,0.0,99.99999808382488,0.0,0.0049222400108871
2951.5,156,1,60,0,-59,0.36799,-0.50552636,0.0023179793234973,0.0,99.99999808382488,0.0,0.0049222400108871
2952.0,156,1,60,0,-59,0.36799,-0.50552636,0.0023179793234973,0.0,99.99999808382488,0.0,0.0049222400108871
2952.5,157,1,60,0,-59,-0.53059256,0.40265512,0.0023179793234973,0.0,99.99999808382488,0.0,0.0049222400108871
2953.0,157,1,60,0,-59,-0.53059256,0.40265512,0.0023179793234973,0.0,99.99999808382488,0.0,0.0049222400108871
2953.5,157,1,60,0,-59,-0.53059256,0.40265512,0.0023179793234973,0.0,99.99999808382488,0.0,0.0049222400108871
2954.0,158,1,60,0,-59,-0.6727747,-0.3100906,0.0023179793234973,0.0,99.99999808382488,0.0,0.0049222400108871
2954.5,158,1,60,0,-59,-0.6727747,-0.3100906,0.0023179793234973,0.0,99.99999808382488,0.0,0.0049222400108871
2955.0,158,1,60,0,-59,-0.6727747,-0.3100906,0.0023179793234973,0.0,99.99999808382488,0.0,0.0049222400108871
2955.5,158,1,60,0,-59,-0.6727747,-0.3100906,0.0023179793234973,0.0,99.99999808382488,0.0,0.0049222400108871
2956.0,158,1,60,0,-59,-0.6727747,-0.3100906,0.0023179793234973,0.0,99.99999808382488,0.0,0.0049222400108871
2956.5,157,1,59,0,-58,-0.29399464,-0.36000377,0.0023179793234973,0.0,99.99999808382488,0.0,0.0049222400108871
2957.0,157,1,59,0,-58,-0.29399464,-0.36000377,0.0023179793234973,0.0,99.99999808382488,0.0,0.0049222400108871
2957.5,157,1,59,0,-58,-0.29399464,-0.36000377,0.0023179793234973,0.0,99.99999808382488,0.0,0.0049222400108871
2958.0,157,1,59,0,-58,-0.29399464,-0.36000377,0.0023179793234973,0.0,99.99999808382488,0.0,0.0049222400108871
2958.5,158,1,59,0,-58,-0.31921056,1.0310179,0.0023179793234973,0.0,99.99999808382488,0.0,0.0049222400108871
2959.0,157,1,59,0,-58,-0.70039475,0.97654873,0.0023179793234973,0.0,99.99999808382488,0.0,0.0049222400108871
2959.5,157,1,59,0,-58,-0.70039475,0.97654873,0.0023179793234973,0.0,99.99999808382488,0.0,0.0049222400108871
2960.0,157,1,59,0,-58,-0.70039475,0.97654873,0.0023179793234973,0.0,99.99999808382488,0.0,0.0049222400108871
2960.5,157,1,59,0,-58,-0.6286831,0.17784598,0.0023179793234973,0.0,99.99999808382488,0.0,0.0049222400108871
2961.0,158,1,60,0,-59,0.74211264,0.008598208,0.0023179793234973,0.0,99.99999808382488,0.0,0.0049222400108871
2961.5,158,1,60,0,-59,0.74211264,0.008598208,0.0023179793234973,0.0,99.99999808382488,0.0,0.0049222400108871
2962.0,157,1,59,0,-58,0.1061752,-0.1818227,0.0023179793234973,0.0,99.99999808382488,0.0,0.0049222400108871
2962.5,156,1,59,0,-58,0.29887044,-0.56298566,0.0023179793234973,0.0,99.99999808382488,0.0,0.0049222400108871
2963.0,156,1,59,0,-58,0.29887044,-0.56298566,0.0023179793234973,0.0,99.99999808382488,0.0,0.0049222400108871
2963.5,155,1,58,0,-57,-0.38954172,0.27842867,0.0023179793234973,0.0,99.99999808382488,0.0,0.0049222400108871
2964.0,155,1,58,0,-57,-0.38954172,0.27842867,0.0023179793234973,0.0,99.99999808382488,0.0,0.0049222400108871
2964.5,154,1,58,0,-57,1.3350803,-0.2506482,0.0023179793234973,0.0,99.99999808382488,0.0,0.0049222400108871
2965.0,154,1,58,0,-57,1.3350803,-0.2506482,0.0023179793234973,0.0,99.99999808382488,0.0,0.0049222400108871
2965.5,154,1,58,0,-57,1.3350803,-0.2506482,0.0023179793234973,0.0,99.99999808382488,0.0,0.0049222400108871
2966.0,156,1,59,0,-58,-0.103048205,0.05672975,0.0023179793234973,0.0,99.99999808382488,0.0,0.0049222400108871
2966.5,156,1,59,0,-58,-0.30111018,0.6480596,0.0023179793234973,0.0,99.99999808382488,0.0,0.0049222400108871
2967.0,157,1,60,0,-59,-0.06350723,-0.31206095,0.0023179793234973,0.0,99.99999808382488,0.0,0.0049222400108871
2967.5,157,1,60,0,-59,-0.06350723,-0.31206095,0.0023179793234973,0.0,99.99999808382488,0.0,0.0049222400108871
2968.0,156,1,59,0,-58,0.17009184,-0.44999868,0.0023179793234973,0.0,99.99999808382488,0.0,0.0049222400108871
2968.5,154,1,57,0,-56,0.16061455,-0.047647998,0.0023179793234973,0.0,99.99999808382488,0.0,0.0049222400108871
2969.0,154,1,57,0,-56,0.16061455,-0.047647998,0.0023179793234973,0.0,99.99999808382488,0.0,0.0049222400108871
2969.5,154,1,57,0,-56,0.16061455,-0.047647998,0.0023179793234973,0.0,99.99999808382488,0.0,0.0049222400108871
2970.0,154,1,57,0,-56,0.16061455,-0.047647998,0.0023179793234973,0.0,99.99999808382488,0.0,0.0049222400108871
2970.5,154,1,57,0,-56,0.16061455,-0.047647998,0.0023179793234973,0.0,99.99999808382488,0.0,0.0049222400108871
2971.0,154,1,57,0,-56,0.16061455,-0.047647998,0.0023179793234973,0.0,99.99999808382488,0.0,0.0049222400108871
2971.5,154,1,57,0,-56,0.16061455,-0.047647998,0.0023179793234973,0.0,99.99999808382488,0.0,0.0049222400108871
2972.0,154,1,57,0,-56,0.16061455,-0.047647998,0.0023179793234973,0.0,99.99999808382488,0.0,0.0049222400108871
2972.5,154,1,57,0,-56,0.16061455,-0.047647998,0.0023179793234973,0.0,99.99999808382488,0.0,0.0049222400108871
2973.0,154,1,57,0,-56,0.16061455,-0.047647998,0.0023179793234973,0.0,99.99999808382488,0.0,0.0049222400108871
2973.5,156,1,59,0,-58,-0.6133946,0.21701501,0.0023179793234973,0.0,99.99999808382488,0.0,0.0049222400108871
2974.0,156,1,59,0,-58,-0.6133946,0.21701501,0.0023179793234973,0.0,99.99999808382488,0.0,0.0049222400108871
2974.5,157,1,60,0,-59,-0.09311208,-0.1245157,0.0023179793234973,0.0,99.99999808382488,0.0,0.0049222400108871
2975.0,157,1,60,0,-59,-0.09311208,-0.1245157,0.0023179793234973,0.0,99.99999808382488,0.0,0.0049222400108871
2975.5,157,1,60,0,-59,-0.09311208,-0.1245157,0.0023179793234973,0.0,99.99999808382488,0.0,0.0049222400108871
2976.0,156,1,60,0,-59,0.11982949,-0.04761125,0.0023179793234973,0.0,99.99999808382488,0.0,0.0049222400108871
2976.5,157,1,61,0,-60,-0.1473178,-0.1596282,0.0023179793234973,0.0,99.99999808382488,0.0,0.0049222400108871
2977.0,157,1,61,0,-60,-0.1473178,-0.1596282,0.0023179793234973,0.0,99.99999808382488,0.0,0.0049222400108871
2977.5,157,1,61,0,-60,-0.1473178,-0.1596282,0.0023179793234973,0.0,99.99999808382488,0.0,0.0049222400108871
2978.0,157,1,61,0,-60,-0.1473178,-0.1596282,0.0023179793234973,0.0,99.99999808382488,0.0,0.0049222400108871
2978.5,157,1,61,0,-60,-0.1473178,-0.1596282,0.0023179793234973,0.0,99.99999808382488,0.0,0.0049222400108871
2979.0,157,1,61,0,-60,0.33195376,0.0774163,0.0023179793234973,0.0,99.99999808382488,0.0,0.0049222400108871
2979.5,155,1,59,0,-58,0.49654472,-0.74865276,0.0023179793234973,0.0,99.99999808382488,0.0,0.0049222400108871
2980.0,156,1,60,0,-59,0.61207914,-0.24936716,0.0023179793234973,0.0,99.99999808382488,0.0,0.0049222400108871
2980.5,155,1,60,0,-59,-0.31201264,0.17124479,0.0023179793234973,0.0,99.99999808382488,0.0,0.0049222400108871
2981.0,156,1,61,0,-60,0.6199517,-0.4614358,0.0023179793234973,0.0,99.99999808382488,0.0,0.0049222400108871
2981.5,155,1,61,0,-60,-0.556494,-0.30796248,0.0023179793234973,0.0,99.99999808382488,0.0,0.0049222400108871
2982.0,156,1,62,0,-61,-0.38811675,0.20799544,0.0023179793234973,0.0,99.99999808382488,0.0,0.0049222400108871
2982.5,157,1,63,0,-62,0.28441256,-0.06214501,0.0023179793234973,0.0,99.99999808382488,0.0,0.0049222400108871
2983.0,157,1,63,0,-62,0.28441256,-0.06214501,0.0023179793234973,0.0,99.99999808382488,0.0,0.0049222400108871
2983.5,157,1,63,0,-62,0.28441256,-0.06214501,0.0023179793234973,0.0,99.99999808382488,0.0,0.0049222400108871
2984.0,156,1,62,0,-61,0.29582226,-0.7733286,0.0023179793234973,0.0,99.99999808382488,0.0,0.0049222400108871
2984.5,156,1,62,0,-61,0.29582226,-0.7733286,0.0023179793234973,0.0,99.99999808382488,0.0,0.0049222400108871
2985.0,156,1,62,0,-61,0.29582226,-0.7733286,0.0023179793234973,0.0,99.99999808382488,0.0,0.0049222400108871
2985.5,156,1,62,0,-61,0.29582226,-0.7733286,0.0023179793234973,0.0,99.99999808382488,0.0,0.0049222400108871
2986.0,157,1,63,0,-62,0.15774709,-0.063415036,0.0023179793234973,0.0,99.99999808382488,0.0,0.0049222400108871
2986.5,157,1,63,0,-62,0.15774709,-0.063415036,0.0023179793234973,0.0,99.99999808382488,0.0,0.0049222400108871
2987.0,156,1,62,0,-61,-0.26163152,-0.055439398,0.0023179793234973,0.0,99.99999808382488,0.0,0.0049222400108871
2987.5,156,1,62,0,-61,-0.26163152,-0.055439398,0.0023179793234973,0.0,99.99999808382488,0.0,0.0049222400108871
2988.0,155,1,61,0,-60,0.13915622,-0.24122302,0.0023179793234973,0.0,99.99999808382488,0.0,0.0049222400108871
2988.5,155,1,61,0,-60,0.13915622,-0.24122302,0.0023179793234973,0.0,99.99999808382488,0.0,0.0049222400108871
2989.0,155,1,61,0,-60,0.13915622,-0.24122302,0.0023179793234973,0.0,99.99999808382488,0.0,0.0049222400108871
2989.5,154,1,60,0,-59,0.21149644,0.06024033,0.0023179793234973,0.0,99.99999808382488,0.0,0.0049222400108871
2990.0,156,1,62,0,-61,0.5623879,-0.03316523,0.0023179793234973,0.0,99.99999808382488,0.0,0.0049222400108871
2990.5,156,1,62,0,-61,0.5623879,-0.03316523,0.0023179793234973,0.0,99.99999808382488,0.0,0.0049222400108871
2991.0,158,1,63,0,-62,0.5862119,-0.9270145,0.0023179793234973,0.0,99.99999808382488,0.0,0.0049222400108871
2991.5,159,1,64,0,-63,0.5416976,-0.31703418,0.0023179793234973,0.0,99.99999808382488,0.0,0.0049222400108871
2992.0,158,1,63,0,-62,0.5862119,-0.9270145,0.0023179793234973,0.0,99.99999808382488,0.0,0.0049222400108871
2992.5,159,1,63,0,-62,-0.48350838,-0.23479442,0.0023179793234973,0.0,99.99999808382488,0.0,0.0049222400108871
2993.0,159,1,63,0,-62,-0.48350838,-0.23479442,0.0023179793234973,0.0,99.99999808382488,0.0,0.0049222400108871
2993.5,160,1,64,0,-63,-0.15163764,0.040830895,0.0023179793234973,0.0,99.99999808382488,0.0,0.0049222400108871
2994.0,160,1,64,0,-63,-0.31255153,-0.17990474,0.0023179793234973,0.0,99.99999808382488,0.0,0.0049222400108871
2994.5,160,1,64,0,-63,-0.31255153,-0.17990474,0.0023179793234973,0.0,99.99999808382488,0.0,0.0049222400108871
2995.0,159,1,63,0,-62,-0.76072264,0.16774994,0.0023179793234973,0.0,99.99999808382488,0.0,0.0049222400108871
2995.5,159,1,63,0,-62,-0.76072264,0.16774994,0.0023179793234973,0.0,99.99999808382488,0.0,0.0049222400108871
2996.0,160,1,64,0,-63,0.3972407,-0.5679783,0.0023179793234973,0.0,99.99999808382488,0.0,0.0049222400108871
2996.5,160,1,64,0,-63,0.3972407,-0.5679783,0.0023179793234973,0.0,99.99999808382488,0.0,0.0049222400108871
2997.0,160,1,64,0,-63,0.3972407,-0.5679783,0.0023179793234973,0.0,99.99999808382488,0.0,0.0049222400108871
2997.5,158,1,62,0,-61,0.7468164,-0.33082187,0.0023179793234973,0.0,99.99999808382488,0.0,0.0049222400108871
2998.0,158,1,62,0,-61,0.7468164,-0.33082187,0.0023179793234973,0.0,99.99999808382488,0.0,0.0049222400108871
2998.5,158,1,62,0,-61,0.7468164,-0.33082187,0.0023179793234973,0.0,99.99999808382488,0.0,0.0049222400108871
2999.0,158,1,62,0,-61,0.7468164,-0.33082187,0.0023179793234973,0.0,99.99999808382488,0.0,0.0049222400108871
2999.5,158,1,62,0,-61,0.7468164,-0.33082187,0.0023179793234973,0.0,99.99999808382488,0.0,0.0049222400108871
3000.0,161,1,64,0,-63,-0.3837894,-0.9101415,0.0023179793234973,0.0,99.99999808382488,0.0,0.0049222400108871
